293429.71241443424 83337.20401897312 18931.633445999218 12728.930846324247 11908.38222050578 9174.314145702281 4837.9245410012845 4111.250353763547 2519.114600150708 2541.9189958802035 4050.2533976770055 3931.8518212072095 3870.7682598051256 3749.0362378306927 3333.3172644491574 3264.379298931477 3402.7798055620483 3132.1805536403017 2578.3465242932234 2697.4421770991366 2668.880126308405 1907.3603351626034 1953.5352083804153 2658.6624811513616 2913.445085505124 2652.378899075424 3081.3669200413387 3040.9525177242176 3128.6437383256357 1886.7644882138295 1559.0489303687207 2780.9233092986146 2464.391836323108 2109.518990792088 1852.3758704125653 1435.9918145235138 1507.5490218820805 1632.3277541521118 1432.360783489487 1405.0370154185443 1453.7229284115444 1443.0759065964296 1345.4132535740341 1304.2221883564955 1170.1456186159385 1176.6888672319626 1068.5374759202516 1040.7272074543316 990.57292932145 935.1287532114097 1089.3324828652155 1111.482318756553 1208.3537736852945 1552.538317432233 1193.537978394269 1070.2138233017215 1064.260517029162 1022.5241667671817 1121.2711449438975 1275.2569989585907 1063.181024611583 1056.803189707858 1224.524240440891 1186.6089061493492 1085.4651007552345 730.00355023017 920.911437414518 735.3866883500025 692.3135570073157 799.2794944315815 767.722214860097 797.3661889582797 927.313749467605 1042.716938934544 846.3450405557668 833.4375829723143 777.0775341722299 809.5188460909237 839.6891737212483 802.8752676868777 1032.3316753564868 1158.7211885202087 1034.0554577844068 1001.4188085858106 1005.5853608698667 942.7358018712189 740.6309255147966 703.3724355193422 867.1973822083611 923.8660010943094 1113.6209219131738 1044.8577945333075 726.7109900686376 698.928464967407 748.6849305456817 702.5182653232647 734.8203870936603 844.8952692669161 624.9928471449135 742.2851893641947 650.7887322606259 646.6272376403792 881.2730204252439 767.9950500366696 869.7556988192979 722.0925068805011 673.9603638599756 809.2854444362716 827.8433097532543 664.1733135636568 622.1765965088468 666.3797173981575 661.9067656762729 877.8029571406412 711.7063009358958 609.2670938652255 734.3919192743662 668.1342861999124 594.13136909828 520.9455381422197 576.9106430968252 603.9694398016308 511.19243404289 480.7196542995266 585.3420435698532 508.6032152010223 603.3498538746501 483.1189057537252 555.6565865426022 691.3433568118635 608.6061854707862 527.0381639834097 482.6342508440227 483.41141189702114 583.3024107474381 513.6180300475269 586.5804218849183 890.1381939488986 918.697014435766 859.5602848832119 797.3532598080412 861.7069692557326 1061.1915489128871 1399.7271661819375 1041.8444527759018 955.4621089918344 1038.3606646382498 1722.0774169904814 2629.380042338029 4417.38272931552 
83337.20401897312 246543.34661204906 44771.39261809834 24067.991328005177 21853.587118269974 14057.651469990606 6256.379656253173 5069.965315478416 3152.7308473036715 2899.7464287331436 4342.00438708001 4398.759256326097 4238.358174864445 3993.535703549141 3351.049106940406 3401.394541173596 3397.625991437714 3261.5312540151695 2621.1465465680117 2394.0588676373764 2261.471487951277 1929.8311986189046 1899.6783309438856 2417.3639659360415 2400.217121305781 2256.4827872838537 2750.1435858624395 3143.7627842478587 3156.267715516219 1634.2716067626673 1601.3299013942838 2542.739510121073 2472.3451344473233 1932.6474448430229 1756.0011943077643 1362.5110204388468 1354.3666731665667 1473.6967391358492 1440.8238513817232 1484.9398853996545 1339.7471094002383 1589.004332189668 1479.9890042083784 1376.2233867554028 1202.6606464626504 1142.4403998416885 1114.4495578578587 1092.4709556683936 1042.8755703031748 1079.524402134041 1163.065940591361 1219.9629302722105 1425.22561939803 1509.0948130560325 1266.4722877950649 1097.2417281278786 1087.0052894978955 1121.7333466862874 1151.339413314233 1257.0194803842676 1021.7150820932719 996.7148170888333 1156.1773896217815 1167.7577411900959 1045.8339607796502 783.2461111549101 954.7401276388546 750.2884749627984 689.6309412168592 810.8976530464424 805.6351191489131 891.8210208170531 941.4620777796201 1136.2367356454445 830.387619322547 836.3459781267197 798.2327775199633 784.31898502813 937.3648969621293 833.5800069628322 985.339212558436 958.5979526942755 797.0812586349963 767.9262424588694 805.6802945983419 665.3582269007271 634.0929725367329 578.7472764515127 677.6142359090269 781.5642679056232 866.9068928360188 956.6233055805994 780.3267042226169 735.446571239067 779.9756416205882 700.7925042790343 728.4061510734074 969.6841618438422 679.039378554712 793.4576927999632 687.2812278337004 658.7463600004182 779.7645012458662 763.7167095584568 744.3277931527301 661.8497612767147 622.5010923603635 710.8440142962219 777.014140769657 769.9268225336735 659.5577101203322 630.2011612000064 650.818624068217 770.5824062769866 630.5145997181168 631.1233907661739 631.805015787707 655.4154153168959 599.6658872077679 536.3126460647863 499.7759703314345 593.8613607561259 512.0949618870441 548.2109802001123 588.9387257959747 601.5910348184349 629.3762968971307 466.3659671273731 536.5074263710461 723.9890661263805 573.3534077033864 488.45479523493407 455.82163078273607 481.52498672808133 569.3413051266714 573.1839988022757 577.2060685153094 808.8873598616259 829.4622486511529 809.7957223660931 641.942559080948 672.1681010569541 972.7575390830906 1285.9930142514406 940.1204588845436 797.6159329431298 786.5223139592943 1343.0783544010644 1745.302528084758 2283.60643208176 
18931.633445999218 44771.39261809834 257710.52562998378 63436.5858480563 27204.698534223604 7055.7591071443585 4026.533891272782 4819.2509804885285 3259.545824165683 3589.06517650428 5572.371042851745 5959.541720796899 4109.1778637589405 6654.132062739961 6846.416896459517 5287.383739645844 4364.814998454996 2599.4763652152574 1262.00894608906 1667.5056023219656 2412.9814626969446 1151.7551557940776 1767.3183652350394 2016.9746919382778 1700.465222857723 1321.7637061795313 1675.7325283753037 2183.3332481656944 3491.108878054242 4434.050389151241 3842.6468010968993 2287.8032151164984 1201.6471968277867 2258.104565679986 1750.737358037645 573.9618541065375 690.5900136575792 1077.7233776021444 1743.1511058243645 1732.5096686115364 1842.986714194971 732.6778173121944 1065.1579342617545 1732.743699794587 2030.1228377940126 2144.095415348184 2095.0924945492225 2212.9033862509414 2149.5576948994294 1994.238860987088 1853.9693221878497 1238.852810175128 765.0314734231401 1170.5363797948 1644.8160222936428 1784.8655402146007 1472.1606078075854 1322.230640504069 1479.5015633605535 752.9521489509921 610.8283038141315 475.1231418800866 650.4182484791356 1341.0790733014028 1395.9771295716337 1579.2356664164781 1111.2730025558235 1283.234137439613 1560.4891207657063 1403.1599258197105 1481.478745430774 1383.7023293863554 1344.3655353733927 855.1797974984823 1308.3297990690976 1296.9843206119976 1323.896629633834 1309.1760145951873 598.4311450245941 666.8365612186908 755.7825608649438 450.43844362898403 586.5988379968077 683.7340494864425 597.5563789564047 687.4169302883046 316.02695197595006 269.3987829071051 442.88761697900884 468.01666878083586 696.0843864036042 681.0687803579596 645.0759896074686 774.0753461586006 1179.1107809472005 1465.255442436595 1162.9050215336565 634.9396088393723 805.4111693453746 644.4157924501488 824.9332132103092 1068.53940478298 671.4565630380521 612.1254781305734 516.6057282294239 390.159501095725 226.2697277171745 379.39724872224576 629.7785582516375 608.3731234174727 873.6029452843967 1064.9783787954013 882.8826777934539 468.2737011574096 254.87460403594963 204.85690485333612 537.138602410131 511.320946258737 900.7961387725443 881.6700507344018 961.0472588552456 1003.1794831031324 901.111969443047 787.7684166546087 792.831380698073 824.4222511978719 676.7218761136211 745.5728145710067 658.3382840589064 404.5278061427157 846.2074265010687 940.3558838432314 998.3992403578558 1025.1713660834937 790.8400513026528 813.7363211294411 939.4423613639458 747.6386788677714 428.1423157165348 456.9541835003892 816.4912507576499 1078.4984981161651 610.5826232582767 632.129363815482 1306.2797810006468 1503.0369030088164 1426.8013056248267 1047.813283268393 703.1689748719533 806.9682473959773 
12728.930846324247 24067.991328005177 63436.5858480563 243631.31232842244 63073.71138594141 13241.801823629396 5744.973771734395 6188.1054255034205 3852.5161343968907 3889.9641799732153 6487.875143207793 6805.4307984575735 4618.700855357577 7166.998370058988 6284.6729938695125 5268.7772389061065 4294.806374041363 2658.072992192329 1343.289706992047 1609.4776270458483 2295.665782330048 1204.5449169879585 1892.6498954063707 2127.071849229801 1828.428225224704 1373.1717283400894 1769.6329362917038 2073.3880446598587 2966.839379202581 3138.8914548021708 2867.2728630371716 2011.4775600037842 1262.9427554562424 2278.4089293451902 1750.5154513823913 677.7647787283404 746.9784703116298 1127.8852630231747 1781.388940884244 1729.2721799577052 1852.4990596139053 856.4616947748071 1154.4056860980213 1757.0676188147459 1986.468648744891 1954.5389643387311 1841.5539211737935 2018.1272488196894 1955.9908154763746 2035.9818705996013 2009.3438632243362 1349.352867537627 707.1846542968348 1217.7705391172738 1759.421769014357 1946.9120507120306 1559.0958174406333 1331.1741092322195 1567.498019833853 793.3900508543129 635.6347995378327 516.9028030215071 746.4989518697014 1316.22330872391 1266.9085701371873 1242.1673447228777 921.417239113219 1131.1228268191562 1328.8257831491794 1269.711885954835 1419.9023215293923 1316.7325945889181 1305.1308395358224 970.4091207417611 1326.1903999004157 1308.539755092346 1353.2503729128969 1297.972802720493 678.0645890124542 712.4243429055163 756.7388511986237 449.64286676392675 566.5928923017229 731.6028592532701 640.0792654552914 623.7045915919258 337.1501220425562 290.3308561969754 433.2965709523235 426.33652366694366 643.578820783325 651.5352289122736 573.6615628545431 712.2801448156513 1222.2406560214074 1262.3031556180597 1151.2299976263885 629.2728198878425 855.4671060938739 644.0717641400755 779.2146720857543 1025.3256702124547 663.600818669597 545.3405467980405 464.5733451212083 363.113521255949 255.07396169601725 328.0055759376368 701.2997946842138 658.9306342581838 904.9792644528626 1074.1588124471111 798.4567258512866 505.8143895895693 259.69718135761065 224.41853648272533 502.218723091548 635.9369656050586 885.3567244781036 873.0448097032886 918.391665729489 865.031392295298 878.6649261168398 795.6943017268449 786.8811059757134 787.0635775741833 703.8179361828776 760.1287207080039 681.0379515581026 434.5780451222857 678.8347559974411 788.5273040699107 801.4874644442386 779.7658334464761 669.1028886745956 715.8177462604615 760.1004243914547 659.8835125540915 426.55824697109136 426.67372375820514 682.9404953364832 883.4358529422911 583.3247980605868 629.3680591090317 1061.3697062318893 1044.5741658471427 824.1432087282766 768.3187036653209 576.5210762893214 624.9794791817607 
11908.38222050578 21853.587118269974 27204.698534223604 63073.71138594141 239216.2960607319 46939.64195226497 11749.74394869538 9914.814967790759 4861.9370196157315 4770.817806695951 7785.361658660868 7308.337348924971 5456.866072453855 6445.934907719088 4961.2736830691665 4378.697209474677 4263.951620341604 3224.437120599186 2011.4571024121833 2159.1995127082632 2529.621071249686 1582.631568826172 2067.5646473293828 2418.900278176455 2096.7527180946913 1745.2545576004447 2221.040575231488 2412.5679959733716 2893.7523705386193 1944.3253993600085 1714.001871269254 2179.3050403257007 1675.335204355566 2252.571108128443 1791.4830140201764 979.4633284653137 1137.121789408025 1448.3972957486824 1663.78018773124 1727.2570272800747 1757.5999028345468 1206.727414199165 1351.0187032148667 1625.6155217530288 1469.0433549556267 1457.0128781702267 1475.3846578086548 1389.9218213380748 1375.3934293722432 1493.4441147955545 1687.5638356481127 1454.644256668275 1104.1556334550676 1442.2670167709148 1692.5034229874193 1581.6635526299344 1436.9115477505488 1372.3392200088283 1553.9937536854852 1050.4710561671873 864.9648382945999 776.7786141593574 953.5281990064993 1236.0296054464125 1114.2818840023276 927.1769508192178 898.370600318166 827.7974199117225 911.1951008131587 979.6313194616115 1116.7679804996997 1143.1035942054646 1125.7242357531634 1163.7151889278769 1222.1924688835177 1181.4396505094448 1159.7990459680937 1080.1809109984692 791.1706998968043 851.9515049575132 888.6323921011561 662.3196745609317 693.9217269678104 745.4400066760765 643.0174798253604 747.9810356964754 448.1620543536447 451.90463216723305 601.2354306469826 582.9602736540061 744.5836033968011 777.2976926968998 758.1174432746014 801.505322895669 912.7992642415835 1027.9248444454195 1013.8081302802937 815.4619039128496 824.9894307595823 776.9921640007276 826.5662711019154 813.8896838032409 710.4149902848841 751.0047552824255 606.5526523549119 578.9666189872283 390.9118206264761 545.5486708098441 738.8057684295633 714.514825833417 867.7763483329926 861.153959633811 737.4616602815881 611.7968063295018 459.53120394614035 386.23344419922194 629.4072331658087 680.5926496317117 728.4294754684815 727.3498005070912 642.5305943590929 690.375197945116 702.8602364996309 699.7149364402524 686.3695450832648 695.3023617814109 690.9468314548873 656.0869072964019 656.3560477856289 591.3793543539591 604.3026854510761 628.2149901584605 560.820717729391 591.1967029479516 526.003990616753 608.0185131415917 610.7190725864715 659.1726495063125 564.7974542905337 561.8741591835125 629.091438225214 775.0952601866163 649.5278807895507 750.4151674622526 793.8373452559313 635.4208992265637 529.8782367949543 660.6047810787303 698.9360041789467 711.1818030778725 
9174.314145702281 14057.651469990606 7055.7591071443585 13241.801823629396 46939.64195226497 265564.2872761004 82714.60913400222 20593.10794263497 8390.09731023767 6528.363153061932 6584.149567370682 4349.974779315972 5641.188324656258 2868.221491829853 1982.2246443177767 2311.682434524645 2467.4437602280113 3149.75526587974 4529.638933272982 3078.2954288682176 1869.5526373835532 2581.912914182102 2037.063756520867 2197.0857437766726 2664.178446613596 3522.8802716429227 3073.1988728203396 2736.809072883713 1693.6753844978418 616.0868214887022 706.5138237137303 1703.590572265316 2643.889785591524 996.0450236507218 1256.9267324760874 2212.0273103438867 2337.8878424595046 1601.4166241302937 844.1215743237964 919.7136492370119 835.0005548664484 2379.4578827329915 1415.562426552468 868.9491513323918 673.7564225115276 658.6096677194146 669.67494058229 581.7081008933668 598.5135590019214 612.9801985398358 721.3963011006276 1074.8535260476883 1994.915722589736 1426.883217396067 797.388323932108 605.9348408570869 744.1420252853064 885.9616745758937 692.7692813401414 1388.4979211578216 1348.1091095458535 1420.8634999311023 1290.5085814101735 723.9936035871455 461.7824888579837 339.8518364283008 711.1201207662826 414.1393229777432 304.75976457298526 468.8770905856094 415.87473864403205 556.2927680518809 486.58831688128356 1107.6645777555154 535.6380932523566 462.09713865431706 392.1121676138369 399.0996403898438 1017.0995562178681 816.3030474347039 924.8038722566547 1388.981746382605 813.0745853038596 677.6248984264046 767.9191853981764 583.6989616074583 943.5648417663713 935.2442907968075 801.7850996185801 981.9364988384946 885.2902835274325 956.2204891487689 762.371601601827 646.1210823576769 395.09238940867755 341.835439522132 404.1046804332425 998.6603771142277 414.30060368815595 777.7756281378306 422.46928827443435 363.12670680642657 695.6515498531666 730.8741026168657 752.9180839352989 830.4150134714689 1112.5203262927023 927.707789803229 588.8496977360154 811.1649380493542 418.60512963528083 339.98915925329743 395.6413308501236 805.6489775348574 915.7140423902546 974.0236365270288 649.5956520646307 564.471023138797 332.32984798957176 282.80785500427294 324.33763928319263 331.72662698180756 267.3516005879023 304.25192697465144 391.7785899074026 330.8060068044788 449.05685852461005 289.9942380035623 399.1525960586112 854.8757636077239 334.21706649698643 227.24950263886956 200.56080298312565 227.1027401707456 304.97272135007734 397.22266499503746 287.09868234123877 517.1318292838746 752.0257991620676 755.7514192368461 331.5338667717728 320.2557734401987 728.0700734650477 1050.1819983938224 318.95722949705873 214.1250510959876 197.16211130014193 564.4603399192705 1021.3453371624303 1120.8982000737253 
4837.9245410012845 6256.379656253173 4026.533891272782 5744.973771734395 11749.74394869538 82714.60913400222 241507.173279607 82879.06066676974 16297.28611321006 12893.483524581663 13763.876211608565 6713.146009220039 7154.387537099407 3782.939675767061 2584.5002437197936 2786.4740393108846 2968.621163670041 3491.5735293508646 3943.144140646899 2964.663248856389 2121.0361570056593 2338.7643798586905 2144.4639967744542 2412.680230924222 2485.0569639728733 2744.211657088257 2322.6082532287237 2301.9991440481467 1657.311575032516 748.3386210651674 582.3918391440002 1403.9885277692238 1955.9387031508277 1052.0232983177343 1254.8802540218926 1863.7998355275686 1879.6313840666166 1730.9787457415548 1024.409029567928 1034.464217887769 992.6716994640834 1740.5722826994424 1369.1751816445446 908.0758511862424 659.4725573135718 622.3755883626139 698.195522210293 563.0122502216711 567.1314635615253 588.9953551154694 686.031313199087 978.8554921562461 1555.634409996799 1265.3772136885675 753.3119374904103 567.8291946221782 746.6342919544604 839.6001310537872 687.6992776412608 1164.8106366322468 1185.1957702950422 1181.9694076478806 1148.785294581675 741.7380511528929 479.9038067763671 373.7272176317244 694.6282851165691 446.3045361361726 367.4075877576948 483.11795528412296 482.8863486142676 558.5658999214448 506.4428240892825 952.5540568062156 493.86156012232294 478.6207874717943 396.5722042057077 413.91067869355373 904.0034979641027 771.805296911895 893.393825010801 1224.5159785444769 925.8708324725675 847.9527202106744 875.8185856805887 699.0297350793692 985.0606090507649 983.3127533024649 887.4788434860002 945.0987278446152 919.574100796249 936.7408362775398 737.9805849576181 628.9945575166424 426.967410330002 340.9363465200363 402.4072956805951 831.2447598787955 399.8793386429332 651.0355128064263 450.4161372077411 395.5950677053125 710.3112015707055 761.4942524708803 796.2027169764276 917.1863412783538 999.2256035514323 814.0600859360626 640.8867251817254 775.5370888937082 433.5672384574367 388.1654307933623 446.25256695495017 719.1826554663054 806.0778859591005 813.3624789664292 520.5073047368338 511.45854664574733 300.97636730083224 317.99504626299824 295.2587789171535 333.32124467697446 327.6594977386054 301.852467473871 316.4135316126147 319.3610539957571 370.3895809044136 225.8162076309939 291.1839659820559 641.6978620831771 325.93651251088556 252.96700280908664 206.819354998799 215.9578080756996 276.1529475902069 359.05586714816553 266.5966626177212 476.8046580054149 681.5098474002475 666.5978238045245 334.92975663033445 315.3031780954866 619.8923587879923 749.1568189674791 280.46417934792595 195.0981794158994 203.16574071332383 476.39644230680767 715.4449353156367 815.5847234408008 
4111.250353763547 5069.965315478416 4819.2509804885285 6188.1054255034205 9914.814967790759 20593.10794263497 82879.06066676974 224796.07193890636 47136.91001022237 29134.370398153525 25043.610458192867 10675.82057574266 9094.038534166099 6349.770593796856 3990.361563241844 4140.942930281539 4158.478523750323 3776.942722241055 3255.2525130492145 2590.323578124803 2331.2311838051537 2312.245986144271 2327.9362038977756 2461.877044788546 2226.7709804814635 2078.7512491253747 2043.7815603560512 2250.210909426405 2040.9877633211363 1164.6165865793394 1037.709120157888 1496.2345989664796 1715.410433978779 1362.6759592363471 1421.5242820708365 1456.2806684800892 1524.1503587991133 1720.4327517881973 1486.4976881317548 1590.381560324192 1273.3069545253554 1930.2788961421777 1595.2287680721297 1174.8522743955543 949.6029148111154 914.8533900750942 911.5540244977819 834.1018619344189 881.9148512796667 807.6669823914325 992.8064801516786 1069.2254025170291 1439.8968781146762 1127.705069998521 977.988472385671 918.5095270045846 951.4399256429808 1148.6334628460486 940.3138748923667 1169.7055833183426 1077.2173508394842 1029.4913193908712 1167.0236937806483 908.0285069869825 704.0249095969443 491.92753348399515 869.9971271830256 588.0125614967543 546.8087871392834 693.8199792288278 616.6036318042337 801.1652481529106 723.0089277763353 1149.4989538050734 681.9590518394116 680.2668881131436 675.7538341782409 617.6701643051795 942.3291543166004 901.8634179347426 971.5288280800409 1168.3848944823608 997.0985765045866 881.5090509988707 974.885572953111 867.1854995247943 875.2871492918531 846.547059209694 860.9703111732373 957.8793601760203 918.3180258045253 936.593557247401 911.0316091219736 856.5334871816917 578.041362366877 535.8914082905972 538.9956739979084 820.0114254357964 530.4118781876284 762.3886632748819 557.9148729148185 508.46768485697794 800.9543613752603 898.0860310764855 771.2240877693071 925.525133015457 846.9505150413893 791.8293915355067 737.8530954327659 848.1712853449923 630.7667918966291 579.8950258124682 554.9640283076712 759.3279417235177 645.106132606679 565.7394138949453 482.12394983860486 561.9649163257099 383.982988198589 381.01477957811244 396.3977563970772 414.4298395346854 416.7532370426236 410.15324155606385 383.5800764117638 343.8798999061565 409.821332633357 329.8523933714673 393.1530090229767 653.5226165928383 349.14463510766313 355.8382826265562 313.31948151231535 355.26623891954426 331.3378764728786 477.7622699331995 329.1252770150745 515.3323830899321 652.0943404469915 694.0210808593022 491.1231447885656 416.09179353530226 582.2151037865888 648.4933135247561 416.482812231773 283.9747586121319 298.0381339437462 498.3688871944646 605.2122674797891 618.7247307293331 
2519.114600150708 3152.7308473036715 3259.545824165683 3852.5161343968907 4861.9370196157315 8390.09731023767 16297.28611321006 47136.91001022237 255988.23131077242 103987.02552787909 37465.372346691576 8742.716344027054 8000.522591088221 5161.46502144433 3858.0893771296196 3714.6056466461305 3123.542873261384 2809.9158234825286 3266.662818973043 1913.1449482289831 1620.1966316798248 2282.6123756822467 1934.5770607355862 1782.3665884714142 1474.0808867932194 1536.0715809795756 1481.3707252553183 1860.505304004184 1596.6329968525588 1479.97093344486 1356.5820546453479 1287.4715530531007 1311.8472252188417 916.6816495077471 1061.842637966517 1264.891762154715 1252.3748363624334 1306.0021252993045 985.5137731905695 1169.6182959462938 905.1945837138459 1770.3158915467975 1205.9293395645584 923.6531466640237 811.475194180638 846.2769504793454 972.4896768746064 768.0437874169093 748.9759694925485 676.7073906540467 831.3003141886803 949.946380749171 1284.5088050095421 929.0676929038948 770.2204431163201 712.5329855399285 753.4215890702202 1199.5475012419024 675.8544304405748 1010.3724675026783 977.51884062972 888.0512102445599 945.2731141171267 700.8648213830385 600.2689176171343 525.8919410235892 880.1140130661855 610.861597578945 482.261881871692 774.4698885244989 502.6919557629013 709.4223573572083 566.5248122445311 1129.9308488568036 533.0932137152976 539.5596663396686 521.236572422022 468.75588335734284 844.7019693377632 775.2601685025476 751.4951547901645 891.6111050089607 792.6505751814817 673.81993541555 751.7441037690583 609.0794819438888 798.4819096487514 766.2489436843105 607.131921673378 804.5555164370287 683.3316443527558 734.7224493996234 1065.899241511408 938.5056506502693 490.5359920759387 392.29498223683254 404.5750750040942 695.0861559280289 364.80817573661795 668.3058260648189 419.14297441495467 409.41599475902683 636.9129307230726 682.3162157481768 615.5037482321137 744.3790215643736 791.6751449057836 623.4543388624363 511.9518729352964 856.8926334959111 453.2518364433903 460.87133708787553 404.8026213834851 659.6014564369872 536.2417835943639 533.6626849994042 328.57917352527636 438.69904354719756 339.8148039444437 352.2616677848767 312.5883714349223 384.97013027227007 326.109612144818 305.9525650940433 326.05556439546575 274.83875049816544 308.98571499715047 245.37827508673706 266.8768768645882 566.3723213037204 288.779620152739 328.4562457639363 275.60948028085954 410.76514682264195 335.1805978058975 499.9987597268956 264.6487997880868 399.69713078037466 515.4783419066144 563.0296969210002 349.6245007825644 308.35127757554324 404.55022007466744 488.0996506461568 348.1500218430239 369.57934906643624 324.90872363585237 457.96701704258857 463.27006167265773 510.24404390707474 
2541.9189958802035 2899.7464287331436 3589.06517650428 3889.9641799732153 4770.817806695951 6528.363153061932 12893.483524581663 29134.370398153525 103987.02552787909 263430.10122692975 50293.674580696264 10066.462408236048 8710.611667924042 5689.160600428392 4925.2074505977835 4261.183540561624 3529.8185856462865 2930.993964847971 3058.067998007587 2036.083932208742 1752.2953917451994 2096.721001614928 1944.5225226314908 1723.9491758257802 1461.107887985191 1455.961317400938 1399.845805344059 1845.5557391198245 1775.217853291195 2112.104983479317 2029.5295648890685 1305.1882211487693 1220.546289957867 1013.9560319759481 1045.5516887986596 981.9749196430905 1072.349043815543 1114.2383366883178 961.6920123190343 1064.9972531625856 919.3659382685727 1346.6406628627137 1096.2455472660547 942.6296372212029 979.0425294563554 948.3306351976373 1001.6941877888361 785.7304213361784 822.6556798420869 748.5868836492693 776.5118326739466 859.3264203873533 1085.6103092580881 826.4318972757272 679.2620886374218 651.5595785946842 819.64657469031 1203.3069455631442 693.9974144120542 1014.9149174676345 979.4234835419792 766.7380282661636 904.3194488910937 737.0923817152687 618.8125054199238 596.5463106386791 1003.6199270938022 795.7284404607261 600.626574058526 789.8962833412959 532.5988284033488 721.9808352364399 522.2870746553632 933.8956525587861 570.5809462006307 480.69548707060846 448.8216555902111 446.593103635334 621.5793727708277 648.4872796182789 716.3431605762554 732.7304245414945 747.3155280842333 690.8266734885916 693.2494380782836 616.3075217262833 596.7146154969506 652.4177824817275 560.4781667462975 723.8410489719029 661.4912015173323 626.5527833438808 1175.9592996905153 1168.3980946419629 505.3784919069966 476.24306404411385 387.48616498251897 556.2131258270155 356.47183997554606 577.7088164324135 379.0162148463278 440.3015384111329 547.4884378133358 672.0275730132398 623.2881381108435 682.6465120016824 631.1772388921231 524.9230608211755 483.871292836184 604.450116588174 396.05937883661363 420.52556838060224 407.4093677467758 553.8633879843389 487.78657681771017 458.3402268128911 301.6501002156789 413.28031884565775 297.63486515032065 356.0646647254663 360.57214588085856 385.6823871141114 341.8470131345385 290.3982024602761 296.737057936305 273.70065169206 338.2352940878077 265.6298347170826 279.17200413038654 513.6352120432256 312.91611423763095 352.8677534919672 328.98584406594733 464.4046301814498 388.7269219431704 558.493833783431 332.8987657531321 373.3372137383496 406.89349723586025 479.1878679158233 319.7134631305369 336.7329299259079 377.73912443067593 432.2434701781197 392.0392166791201 444.18564159044877 485.4735321784327 484.57841650805926 493.0872124938326 617.1809979590556 
4050.2533976770055 4342.00438708001 5572.371042851745 6487.875143207793 7785.361658660868 6584.149567370682 13763.876211608565 25043.610458192867 37465.372346691576 50293.674580696264 211019.4178060692 53134.21184616224 20202.65079322439 19511.70434624366 9626.334794482429 7524.060304350344 7052.5925030669605 5145.403384167699 3033.6872796151124 3129.6553106146844 3333.7212294412525 2040.3980688429472 2543.697164010697 2993.5238516704453 2438.574706250894 1923.1459569594967 2279.670851957847 2454.8959399641167 2874.277567836058 2211.967624923625 2040.1924491501218 1945.4523061118016 1484.3978818176531 2042.7304905276283 1630.0894566689446 917.1149680891169 1133.5093053678884 1539.37459359577 1751.4398497440302 1848.7765159367696 1712.9341903767213 1297.1483283371244 1275.1877059172255 1472.5596630392367 1357.7976922842436 1215.9334274629025 1231.5998730069393 1157.5674519798013 1191.6460392521426 1168.2882576990346 1193.7165700917542 1116.8869643751502 878.3777745001992 1108.5775697089018 1236.2510864390672 1194.7314778980128 1091.2836439115456 1089.879949134195 1186.5643434837095 989.3607919834756 802.0770194942271 694.1810440666085 932.2758468422155 1112.5656159335954 937.3150422289247 739.999467287703 921.1692388217116 734.5455239183811 797.5697116297707 876.4741310549534 823.1644611227264 935.8302084180481 938.5711853567952 857.2425751409356 870.3692979545128 856.6114894037919 873.6710839078345 862.4716119844163 710.7362763051322 760.3355888199654 850.4052408098022 765.5324102963825 915.7257645689332 987.9369804171573 909.1574686308959 960.5359781934048 567.1635016071494 476.86934064604804 716.9822345343206 735.3065520843867 953.9941042833563 774.4716904977387 743.4593905928314 769.0593445825788 798.3493134223373 823.3567707453856 641.9873166087866 594.1865988307878 603.8210161842733 634.2227311438882 648.8203535675211 675.0075763931591 645.6368273019572 726.71984799633 693.6425269342624 594.4514817356313 435.64626123327105 542.2930236024544 721.8684036885522 695.5258191467663 711.3170009074219 774.3351880245491 670.6881233679591 563.6907097003808 410.99364474440165 294.7937741564533 426.8829157775259 488.53679338279096 478.54007424198375 507.4234020365039 514.0425514547404 573.5032067525965 503.68402457881456 490.47442392955355 518.9247795837075 477.46339184555177 472.03386549109143 383.6238848768752 361.77738505663734 416.0105623431848 425.8400442368675 433.12905424675665 399.5990533025695 435.2407632355886 409.0869066690814 519.6146150758053 488.1522947457904 529.8084121775763 485.00409514550915 533.8714447907098 567.8884862230226 569.1785945052902 531.1833788607921 524.4022930098528 559.5075008014805 450.1624845432674 439.0716292301174 561.6836909817306 558.9766685016907 582.1641382291 
3931.8518212072095 4398.759256326097 5959.541720796899 6805.4307984575735 7308.337348924971 4349.974779315972 6713.146009220039 10675.82057574266 8742.716344027054 10066.462408236048 53134.21184616224 195034.7564721384 76100.55779403231 47830.45450007176 16477.66133501226 11012.71510776133 10673.931945712067 6864.11652397888 3256.0303955219415 3609.375638470396 4161.841684386805 2235.3260825952443 3059.8858328584224 3476.445530962421 2688.36390077869 1964.1192086186188 2590.547095492204 2691.2101497820936 3289.130209069866 2254.1817069980857 2240.0801698119894 2037.7890941138303 1538.4715098361423 2536.0797982412846 1950.997144171366 934.3215138366727 1040.9020351500624 1605.0662899245287 2177.757124495404 2053.5258938936227 1925.2255951819075 1105.7428217641984 1236.123739921011 1543.8870063358397 1408.445604137051 1410.0982330597974 1402.0533346879404 1330.0152549369686 1281.5566330195254 1226.9378470771576 1292.33455424577 1136.1483361521746 787.2544316066467 1097.9793572174585 1414.1321744929242 1267.061081481193 1210.1291712201612 1004.8792267292166 1200.0982041523705 845.2627874207834 640.5455716800299 643.0612559377389 877.259917685103 1259.8126691142675 1166.5658246339453 831.9651317937254 833.8054937318454 757.1927333274076 846.9516513520883 859.5446664842092 990.4717150250525 947.7063012762038 997.100242094025 862.0032733110567 922.0382657845774 1020.6377512756045 954.0657068026002 1012.7810971752335 726.842822035365 793.4169136902229 928.2922841443036 757.171273756477 926.8129400675097 1057.6763051149142 888.0480891336733 1088.006399617505 525.7785135821498 448.6548615177568 746.423970086394 685.166067068954 964.0127221159021 723.2518515616633 615.9810400351121 674.067247322321 915.6563290910841 901.1287121990619 845.3363948221007 582.9230234721858 711.0966820150953 604.7309164496365 668.7182855045338 747.891646553611 649.5735579214416 714.2935754366168 664.6532975200072 555.8677588645442 382.41067014595643 493.10130458851114 726.3973562349985 646.0536742277019 707.5289551955207 917.2869451982449 829.6392262404482 578.8025201871343 386.90153268536136 307.68547403996513 455.48166989675184 542.1955224668601 563.0835816537264 531.3030188505343 531.8764311772218 579.7086564972866 536.301042165617 473.3833944076228 469.12678380010846 484.6046700373794 418.40144879864306 422.1834851638956 401.82298430163144 341.6517542386557 439.4331163910598 463.3180115011604 424.64342035677953 424.9313030354965 432.43184483321966 404.01378387229727 489.5530916181034 557.5206721930863 447.28679796016405 455.6252459910295 623.075770458404 723.252206406397 558.8760206816254 541.1883204621431 667.0904916951259 553.629544977709 536.7349013805795 525.4903315801052 533.2253500919702 464.8355840452348 
3870.7682598051256 4238.358174864445 4109.1778637589405 4618.700855357577 5456.866072453855 5641.188324656258 7154.387537099407 9094.038534166099 8000.522591088221 8710.611667924042 20202.65079322439 76100.55779403231 240165.98715116654 45040.66919987924 13297.154783483837 9625.189273691847 9313.863130544169 7911.511388581028 5762.908796541299 4574.750884338158 3771.991138543974 3023.2228894397094 3231.6685456602763 3465.61019591018 3109.3720575960124 2542.120530312082 2968.664876693822 3207.4596972172353 3075.9244276835516 1659.1525371495493 1672.714392515753 2242.6634992707395 2029.4833481231037 1985.7151802780445 1850.544867033235 1388.179532226121 1431.8300514793 1847.516779485654 1704.1953879323887 1640.8915497906987 1569.91789032831 1656.5343011781174 1532.7704642684666 1340.4588685989158 1224.469636560017 1066.5559436083358 1193.0989361564507 1011.1142859926987 1056.3131715666907 1033.1174088868195 1150.189843996647 1224.7469017446524 1266.0130205532816 1247.7611681466153 1152.3883771911412 1100.3134674097093 1085.5544259157052 984.8581553778846 1047.1088887420815 1120.3365773425771 1027.9391920133726 890.4958619795601 1142.341645732048 1146.7828250213947 959.9268657795424 824.5725607077082 1057.351545862991 782.6861493331811 648.2902905722668 727.5398031398333 736.3164361624599 791.5145919338321 846.3400256527875 1001.2023131685705 758.0914841139692 747.0584670126456 749.5802058238578 811.5887586618579 849.169615034285 884.9889963187796 933.9588216400024 939.8715885661039 905.4351898749701 933.6015023000151 858.402428122859 867.9032797307965 666.0251538574823 680.6086651185756 693.1174556025559 738.9067300270887 890.6077091965026 857.1154167726924 748.6006875725171 740.928824250367 713.8618864503648 737.1225010583813 638.5220191443252 762.790719540058 569.8104747748627 678.7976817811096 593.1665040922023 668.0239236668447 716.6203326916356 777.1065239827896 684.8393794743092 677.320535672142 550.9409806728122 638.6834890438274 699.7372148513354 682.8085212356206 659.2099914693276 686.2435980378821 653.121444052811 711.2038032382704 581.8776643041542 555.1340342485552 526.0901962767391 529.4853611897211 465.30127245348734 376.63018591590975 479.953211480419 475.29223927052664 446.0727762188262 409.0870778812163 417.6585367287956 332.2224317433939 446.7901295601376 341.3059187010315 409.9388218124728 559.7838926188787 402.46974483304086 385.78309688949497 342.2815915825896 368.08498346181943 434.7645722000712 422.41033075743576 474.7725111997013 549.0513576173346 596.1394755353299 659.8029942589717 575.4156294186488 542.1063022429715 638.0880748581294 741.2773833674055 593.8739973367879 446.72231425953635 436.6434745659356 609.4383858727352 696.7494686085707 674.3175483550642 
3749.0362378306927 3993.535703549141 6654.132062739961 7166.998370058988 6445.934907719088 2868.221491829853 3782.939675767061 6349.770593796856 5161.46502144433 5689.160600428392 19511.70434624366 47830.45450007176 45040.66919987924 206463.47001941703 49863.0783805635 23659.347161678805 20354.022988534653 10323.127400805537 3774.674465131819 4128.527041592558 5312.581262154939 2251.734368528305 3585.943489186001 3874.3448143108594 2760.345166513036 1834.3720719388486 2701.7053285347397 2872.5383271571695 4122.328667513939 3606.1497674706184 3114.9860789898908 2359.3062870341278 1406.3538846739455 2730.29368694259 2124.264834600734 728.5131515262348 920.7649539849505 1369.3802320066893 2301.402163740686 2211.5410782642234 2059.9831060433703 822.7616017887467 1220.1139686046947 1641.9994949016375 1763.3600526340026 1752.5853468345665 1570.9797102325533 1525.4817908053944 1618.3138166680105 1530.2251197184482 1556.678274404091 988.576832981853 625.7219340002588 1060.1532757296143 1557.8004578106072 1515.364556651428 1271.3437289608335 1029.2181950285967 1288.4946704274037 652.5917270629875 563.653027659042 576.0026739285614 772.004503466136 1427.1139649427155 1461.2790805682168 1082.959548170597 854.3217094469807 869.445041056597 1126.444530136248 1002.7856638290195 1152.8350363496068 1026.4318136899647 1179.157763880416 790.662795995631 1063.5630862351982 1065.6777421335923 1105.7860705029393 1066.4914609084892 627.2932538736245 730.9174654456848 926.1544339338517 619.3508118545659 860.4748948734293 1013.3920286674521 913.0810943541455 1055.102093864471 468.3292248606972 391.3854851663555 677.824528262053 600.2000235067826 896.6421337613432 618.7382262491728 605.5042864428526 682.8047700033671 961.1614492338848 1177.0967451811625 913.2037023629066 481.47133774421485 698.7146768728909 560.92603828704 711.8022378190003 902.4394865047423 610.1461507146693 623.167191823391 577.3070673022658 482.0441040604895 306.00405107447386 409.85332830733006 747.5613227211165 551.3760515350382 862.9808305994026 991.0815706603895 830.244895292084 498.26068335398037 326.0683856991475 223.15405130024018 389.15988095444726 520.1412021350022 601.4788659300353 640.3281586450925 605.4360520668657 563.1954544680142 572.4769062695299 509.9740606291187 513.075032676786 535.4874942850927 483.10277864089335 450.38924022437175 414.4464771077578 275.276604982135 505.02483385511397 544.1354987351557 529.353802563818 482.61764891839897 508.7561790219312 450.27982875535685 602.0556341746034 611.2546110709997 454.8757745216328 451.389252923777 692.7693611295323 851.1064131123471 558.7925811584411 512.9298066043996 831.2204522795093 728.0839126933644 702.7787565429253 688.3845969232706 517.8974969359185 472.7858775476074 
