618664.2867166525 103675.40473628727 56480.851558534465 20503.556083882468 11386.21971666595 16539.013913353996 15576.411313788505 13262.657963769505 12934.1170456691 10202.79141545952 8572.005817858482 8735.510728018722 10096.533101868254 11870.476627197762 9537.905302060773 4729.253416540912 8184.1515579629195 8563.836293506709 6148.663315548577 5883.441674143125 5715.115973735707 5653.619245669809 5456.069707602635 4648.955919823145 4261.0824014301015 4016.7530591754626 4505.3023889781125 5615.504158682494 4599.45985369075 4287.369486233777 4694.024284026211 4071.176618459813 4561.726251091624 3653.9015645654954 3404.9516289522526 2959.9621620874477 3265.032148722985 3952.8113900928283 3325.046876225615 3122.408456367067 3462.198166877924 4042.896056906917 3494.916469469005 3327.1690951180226 2677.226219823679 3198.502664517127 3881.977645238936 2979.9482248904587 2903.0400896520237 3304.209981012054 2842.3189623282274 2619.5512900457916 3111.5691252614943 2931.14510553394 2790.315187187507 3013.646627206988 2540.2367239837204 2939.149263913287 2565.8381674560337 2633.8180866406597 2236.706560663614 2236.687084335508 2020.4504622287611 2271.013937171518 2149.469245279517 2525.461420075821 2157.3935506612543 1887.453467639969 2226.7600678835583 2872.652058847099 3368.5951698899466 2902.3997214846345 4593.080893245063 3654.013027576919 4845.599554336504 10446.251772118329 
103675.40473628727 554518.1919937963 102287.14111202605 20501.428697071497 14630.711333103478 24221.085865898964 21788.634092824726 23208.327332259232 13369.628891258184 5797.071369742917 6906.7936855210755 7614.751388673131 6122.9118282435265 7558.094596940398 12926.273064862067 9939.592560379337 6581.014955385314 6588.076703990333 4380.630262081157 3563.972231717567 6857.197632581013 4984.040889901419 5439.01913779163 7958.246051467911 7955.449385607763 7957.194686854973 6172.347078316353 3739.233707841594 6931.330601063474 5592.91389567525 4259.834472613526 2178.881403239366 3792.886939763993 5314.058913434005 4360.767591274041 5473.707658099619 5509.0329735673795 4233.41807756185 5159.08454306122 5155.810234059152 2655.550614890893 2339.2197493407534 2490.2229211872004 2499.812505317736 1228.2023822495914 1746.1583865507052 2605.088716021714 2694.9468986934353 4989.933851594091 3423.137775858792 2775.176870924132 3610.21173846882 2413.2417496995117 1689.0964810766968 1169.5016717504684 2542.990401932527 3820.0163901223586 2577.2942870279558 928.71298774873 2129.220729937891 3475.8178650802633 3662.994616536262 3260.9536797723463 3126.1219854492865 2784.878750071548 2089.9438399539163 3132.0032661585365 3547.926752809721 2934.1488181673503 2961.7139071710576 1705.401819145236 3378.029131152314 2372.2629442135785 4768.906462414688 4019.9019884308486 2599.8294510231576 
56480.851558534465 102287.14111202605 530861.7409403475 127726.40151658015 24730.505773179582 24648.054862409557 19299.63995219988 12875.721969066799 12414.559233011354 11640.666478862706 8213.009241567914 8370.569196439877 9950.464062030815 10159.45621230226 6648.917794869896 3433.3557853197935 5806.761799972771 7047.472377804135 5999.039383148821 6415.909627003735 4870.387235847574 5897.579077472921 5042.094603378416 4015.613591162536 3859.7631371366356 3823.851923892116 4636.673514376335 5800.872044509968 4409.376869878457 4238.381765688319 4436.246149015791 4318.462695167979 3970.526448562926 2682.036878902337 2781.46335448481 2499.336279090675 3063.619793510271 3675.0700566643327 3207.4563885262655 2821.514369496918 3439.9772335593448 3763.73138005724 2820.6793648953453 2643.405040549347 2810.6453262330765 2920.1869076112725 3248.370610766852 2915.6539860111907 2497.6906713951043 3148.635737371267 2718.434892651005 2288.5164934254412 2758.9261459610198 2691.2157701903425 2973.623260918565 2731.8602822505795 2331.283654459167 2473.7305275764465 2729.9439148933366 2417.4046185159236 1950.4661034565256 1872.932607162196 1838.6588150515972 1990.6829561106633 1962.1342892411842 2468.149534672978 1678.5853311575752 1485.802768815942 1742.8562246268145 1994.3067795952347 2570.089385723108 1933.504665558483 3056.241798069121 1840.4057942488334 1887.253307473578 3396.747513177702 
20503.556083882468 20501.428697071497 127726.40151658015 546763.0351263679 107020.10644036681 54256.793920823504 25753.3502218668 13336.45103222306 14066.22408703915 12648.21465821008 8888.04618221225 9187.739399795562 9513.269682097729 8806.96802681827 5469.561237509292 2405.6291787158843 4465.862928569425 5808.713277551536 5887.4722212381985 6787.16701433843 5052.283785749537 5781.719118617734 5036.551239591366 3103.1650386153296 2954.151021079416 2795.34648284681 3650.4401202387417 5313.866949561756 3178.8005855046263 3659.329853402884 3909.205684788854 4403.3210071653775 3857.900631891281 2041.015652081879 2641.8720230030185 2053.786961203257 2447.593113912124 3273.559396426917 2309.089951750729 2060.219429719414 3544.02654333048 4186.474592080732 3590.712845346559 3360.9625229172407 3733.3402310163824 3623.5787981730946 3640.850463480452 3154.3255280104636 1854.8412430255714 2634.9096456285242 2393.345660844782 1885.3576534890624 3096.4035533467713 3360.1729833356894 3447.2320168965234 2937.555904935454 1992.8653630089075 2472.52259172859 2817.480766769076 2035.6175676922605 1364.8519662120307 1414.699964192395 1420.9225507825195 1344.2981707112833 1312.763468258509 2022.718864471313 1256.8847273380982 1078.6457016395775 1417.4207307193753 1609.6731419703704 2660.497451252855 1537.3245500610349 2532.7828907104335 1163.0281181091273 1479.7292714839032 2660.062043242682 
11386.21971666595 14630.711333103478 24730.505773179582 107020.10644036681 640693.6552894004 103312.17594954427 27338.70171140154 16752.709742856798 12252.729115457154 10342.102650819012 7678.012045528512 7414.42977943141 6006.7134144009915 6618.961215152348 6568.331259829879 5080.142285300412 4057.5910497913105 4324.75663465224 4326.471920657807 4787.217736161373 4184.995562327609 4920.204056703255 4207.342475731781 3585.055936555013 3534.269690392829 2993.5481623504247 3404.5217306410946 4151.1429351407505 2825.326158876163 4029.1133815259905 3410.8496071236646 3606.746756608673 3243.201822813617 2337.17369796648 3368.6664540760626 2636.615861069079 2504.9926439218057 3175.405689364789 2138.829925793021 1885.6382395274206 2975.0437776739805 3094.8036035777554 2905.5969129504533 2674.4688211187454 2900.416533856939 2722.14995344814 2704.1539362882013 4435.230453981934 1867.5168898615825 2109.826687054081 2077.0175624622625 1650.3801043078488 2527.6143312906556 2671.3111141586382 2622.9796484955405 2441.3356518614355 1732.337850059652 2059.801468293861 2042.6721844063222 1477.9886440349117 1350.5074239127466 1442.885708294747 1254.2303266793965 1177.3576677945057 1152.3678540287221 1695.315453082192 1260.6300093862221 1489.9527066857042 1773.2455811894433 1384.5984451174752 1981.288642122053 1319.4124020697889 1688.7197490375995 1534.7862890498288 1769.1970267189151 2037.984976762881 
16539.013913353996 24221.085865898964 24648.054862409557 54256.793920823504 103312.17594954427 444111.3806857454 160657.9945607775 43704.36348844141 28618.049963469264 12772.804952962837 11450.5853023122 11732.41013914899 8818.710912555141 9774.542336521257 10050.507175646007 6303.93861398512 6059.6882098029155 7133.420206651534 5060.728107606645 5171.7441881135865 7654.887447351415 5706.626599025161 5304.296768571813 5269.008591124717 4977.934679475282 4735.023785347371 4549.401897876719 3733.390156086816 4983.645685973525 4300.137116704077 3971.0775608805066 2688.4614883257095 3937.211704395557 3626.2646766268044 3216.55318224821 3296.907433073787 3627.4738955615117 3468.9150385925777 3598.8390522848545 3599.168396674638 2973.6438406363295 3193.0223985275857 3756.552915594824 3753.7229494658254 2029.7814541995529 2825.028269820475 3312.1817168787156 2771.933935318486 3342.73527619628 2581.8161316491464 2443.769816668752 2666.6626403906357 2639.1980490943624 2426.9427419494564 1811.6888834861825 2713.79605389998 3017.64491760016 2568.9617854936287 1365.5302084339673 1853.1471417445166 2031.6905907622397 2137.359136482076 1931.8449092767155 1897.1551985673152 1634.5515278868786 1484.0115652567886 1692.9630915361406 1647.012141313257 1716.000755846081 2003.9059057236786 1869.00972516426 2421.631646868487 2068.3649783904634 2175.8592378483017 2032.6686575269684 2026.795753043138 
15576.411313788505 21788.634092824726 19299.63995219988 25753.3502218668 27338.70171140154 160657.9945607775 471270.1920623782 92132.91041000716 45296.21778104199 17760.719793460845 13829.866609699078 13648.246747772688 9961.297535983324 11383.39953558781 11655.49722313206 6971.878367061115 6950.652660364822 7588.886104772757 5641.435582735363 5398.241351413237 7606.552073943765 5744.039564302914 5499.132010208086 5617.8196908454665 5101.98214876717 5046.257305056009 4674.620604059523 4042.8915785825398 5131.984095249916 4242.213602017585 3846.932109565652 2955.7175702607265 4195.0772677099285 4208.384650474351 3510.596207788521 3392.3650666556405 3594.6967033233573 3597.5362554480025 3525.9414938658097 3591.283339526392 3057.9505986745476 3287.7901783535317 3563.188421685856 3575.6387246105523 2198.502405491902 2640.868686225689 3147.430796566569 2741.0708454260193 3438.720968662554 2689.1704264768578 2394.6821446124864 2769.971082313312 2615.8619330897573 2336.4085058634987 1861.178138041453 2601.1434750447543 3075.727718083546 2600.620950773411 1646.2991660844636 1890.7846886914667 2015.8989366210876 2045.9497199031766 1852.6827621471468 1737.7491081526166 1650.9878247837983 1616.0033684644882 1751.5895903911821 1668.6390653604349 1762.0648231232235 2148.8783002029386 2098.368938509268 2566.646884051386 2341.245140631298 2506.224941929325 2381.088960954941 2233.0169706684337 
13262.657963769505 23208.327332259232 12875.721969066799 13336.45103222306 16752.709742856798 43704.36348844141 92132.91041000716 495629.6642958389 136761.77078525742 24520.84786218288 18872.058945416375 16557.51083907696 10600.718487452834 12060.775688379577 17665.573923466294 13340.07817052403 7460.471109031405 7672.827545026794 5217.906234238951 4360.26158297197 7753.217612725826 5176.093734511766 5005.730678375392 6969.400727538042 6598.488916675802 5766.47126584955 4353.221683415086 2993.20423459767 4791.9085782161965 3931.8791122750104 3306.698078105227 2282.164737697659 3942.5617237800593 4914.584385853513 3861.5813914728587 4527.910017980978 4122.591434589475 3381.4545241357796 3487.3648691181643 3734.35376826749 2589.725368333916 2919.384336114146 3619.623826828803 3851.3415291164238 1881.1833786510056 2509.2986177792986 2948.2713786763343 2736.2160920540186 3847.017735216411 2545.131987914702 2353.939122994939 3118.9848117325005 2395.594792995024 2104.58511104207 1496.934333650991 2391.7126885247226 2975.332163791448 2528.1760829506457 1227.9502236991857 1594.673174546177 2244.357904928617 2243.3078402435626 1864.430529425687 1939.2732470876042 1434.2680445430583 1262.5260437895622 2219.0700099401733 2428.4375393690684 2035.4641309369265 2208.874659034527 1727.342940766227 3043.957510868631 2104.0783804301327 3887.2104293694224 3839.7924821513625 2373.308092464142 
12934.1170456691 13369.628891258184 12414.559233011354 14066.22408703915 12252.729115457154 28618.049963469264 45296.21778104199 136761.77078525742 462193.5360042287 126889.62669563021 36337.637138879625 26084.231737694725 16817.12260818475 16154.303394777156 12180.861189572699 6089.9563211976765 7115.753431937096 8179.531590293235 6365.304550286194 5955.074808914774 6870.910306470307 5391.619679115865 4851.359131102226 4170.494637352597 3733.493042318614 3534.409499277875 3763.0355837736065 3660.313454631797 3822.225137904389 3463.6207695666412 3554.4831371738273 3446.794852013076 4127.569749964703 3180.2506025780153 2645.5956249354253 2459.6962057478977 2711.3385179528436 3161.2000932958244 2728.129561877424 2756.210579276126 2894.405848482122 3705.3817332548024 4092.6039885179434 4219.796364002353 2767.727016609205 3400.187748553532 3546.8153301630236 2608.576186711192 2596.256534294692 2470.167491013595 2269.466856306536 2456.081136252259 2675.84876977542 2708.859555905636 2384.0361659367168 2534.831073909809 2370.6369851365716 2446.9612366138795 1829.5323128001994 1813.0603550261576 1553.9649758578257 1488.5859640994718 1375.0361920657876 1439.5477685213348 1236.4462568444642 1433.8284497030077 1390.823040682073 1248.9222725592956 1432.0697908042102 1818.187011865138 2196.2781545558078 2490.9802464239474 2663.143051601307 2290.4243421341 2376.068431288561 2803.005922887588 
10202.79141545952 5797.071369742917 11640.666478862706 12648.21465821008 10342.102650819012 12772.804952962837 17760.719793460845 24520.84786218288 126889.62669563021 570496.1356041041 104273.95045998841 45965.409752670035 27596.380933728622 17755.997629384216 7540.067131369616 3039.155928354613 5606.423030501689 6970.2600261631205 6901.576125826231 7095.866163898842 4083.9880526004185 5106.194364153022 3866.0656095844474 2223.0652154711693 2051.3344710613546 1911.2429071960448 2654.1084054061103 4470.918341471397 2302.6971169292183 2587.031690554084 3327.4161780394834 4456.829731771422 3476.8255367775414 1615.432689255381 1990.697544151778 1380.369420049627 1608.3891492656523 2195.571853294816 1472.8764269528413 1342.0611882230692 2734.216176820164 3992.393141545619 3828.0081764573315 3637.1103649049314 4088.313086927704 3920.191822443715 3394.668243257033 2177.375767797283 1291.4452456678714 2004.9170687627577 1873.99793414352 1498.2702014991278 2472.9888184389615 3003.4998224014967 3352.170035538006 2234.509168844612 1268.3815770860012 2075.7487783938977 2918.130744864293 1725.7673307843827 879.5162212274568 867.7923604966064 840.1572079993309 919.3595513998325 900.9093513752808 1612.8051241772741 870.9481569440483 724.7454810495536 920.2283128146253 1215.02876543709 2274.2274577039925 1383.6473987600386 2516.7520168859805 1013.5279027431511 1521.0865012090421 3267.6648096371023 
8572.005817858482 6906.7936855210755 8213.009241567914 8888.04618221225 7678.012045528512 11450.5853023122 13829.866609699078 18872.058945416375 36337.637138879625 104273.95045998841 528577.7349473098 187965.47861139502 33685.76195106033 17657.63680618401 9446.703896157831 4008.1675306105462 5318.602291653848 6961.119137577924 6546.965474170877 6542.1924042616665 5394.791458611534 4898.580302518575 3786.491926932537 2728.1718332492997 2543.0364004539897 2322.128081469459 2712.319962898569 3555.26443276412 2718.433971696329 2729.8144320256124 3049.9016791246754 3561.238289408028 3415.5910373989377 2098.9584014967054 1902.4389157664352 1687.2976314243372 1880.883723295143 2341.6921139813785 1923.1518844942275 1855.5320242463786 2765.377546808731 3867.5773188696653 4462.84360572573 4542.75935201725 3721.0295658848363 4220.588571664779 3393.829368176042 2246.307947227582 1616.6931621453343 1941.9267000386797 1832.3963546855716 1716.489558869083 2547.0683862478368 3038.4777684397422 2889.481224295314 2388.057576928652 1786.09773876287 2111.067511535579 2304.8078139507807 1612.5040604488024 1138.7526460511688 1044.579636327111 929.7723146821414 1011.3697518105337 1009.7781917181951 1356.4371301516983 950.429218573024 819.0575990934996 962.0716779547107 1299.6308063283695 2030.7840271219434 1712.9059951356405 2114.0834940078958 1238.25060844453 1482.3660728196453 2372.76056803171 
8735.510728018722 7614.751388673131 8370.569196439877 9187.739399795562 7414.42977943141 11732.41013914899 13648.246747772688 16557.51083907696 26084.231737694725 45965.409752670035 187965.47861139502 499283.5491073785 102699.48089827837 26019.869203447302 12169.252566861996 5100.855649801158 6077.87222939287 8167.789758824858 7330.140933412703 7239.289736008672 6336.930307954396 5233.638667806126 4097.483094369792 3043.7758331395507 2907.5061948402154 2759.359083490689 3192.168698033672 3739.4317675932916 3274.352502857726 3094.7532111344476 3396.9128164161634 3729.812015964502 3596.061188454018 2271.1247121733463 2007.0375035254929 1840.4556815622184 2149.421244926931 2675.7127097952384 2255.058261924036 2347.1679726941247 2890.289383327744 4100.243201931997 4888.363970071058 5005.287783548987 3791.482915282668 4459.062918682808 3630.3245250142104 2307.1478117107335 1981.900128863225 2139.7257839718886 2084.4255922421557 1973.9342019097746 2808.861548274681 3246.636185639626 3024.4422628226075 2565.386671182525 2107.703267960321 2269.030168041351 2386.011145152581 1769.416374297474 1285.8214320214938 1294.4328819171874 1209.4827482545145 1212.5201814822708 1187.5164051277807 1515.652046336144 1056.3539897296114 863.5671130884497 1193.1544699616659 1472.9570470431063 2299.4376258650504 1884.8856671572667 2379.3193874033723 1552.9588863847491 1618.3906464625375 2506.366532223141 
10096.533101868254 6122.9118282435265 9950.464062030815 9513.269682097729 6006.7134144009915 8818.710912555141 9961.297535983324 10600.718487452834 16817.12260818475 27596.380933728622 33685.76195106033 102699.48089827837 589557.564356277 111586.7350680075 19050.343248498444 6023.279582097335 8273.910286953706 11143.632147251052 9770.960653306132 9264.712272606761 5498.329347263388 5682.203295781937 4184.931692639145 2569.5761462097894 2408.184216814432 2302.260168001754 2994.8898192875736 4680.5137146856705 2846.1371137568294 2601.2689095730416 3511.270488657393 4721.784496230126 3793.9805524467124 1859.76147286659 1814.3921546800482 1605.772073978658 1776.90179245864 2389.238321440841 1894.8257781048683 1746.3212147929112 2937.9339934865216 4637.730619334357 4790.415581943458 4703.6463212906765 4760.3679632259555 4723.2332739586045 3877.233746192142 2051.004091140126 1596.2258428675175 2239.71500476541 2039.1484426803404 1745.6954494460344 2704.6909834366206 3496.7129586512006 3605.0076579204742 2464.506440847711 1588.879266453883 2235.754282237649 3205.9572096789466 1923.6790441725977 1134.2695489778664 1071.4450804581024 1017.0022588826805 1092.5449162667849 1056.8795374538256 1695.9102891611435 1007.0028689789342 843.8809070367878 1078.9941838706823 1555.4241144188686 2639.5555373231 1704.261206075751 3102.1896975240074 1545.1761906845609 1833.572678319558 3833.52656344101 
11870.476627197762 7558.094596940398 10159.45621230226 8806.96802681827 6618.961215152348 9774.542336521257 11383.39953558781 12060.775688379577 16154.303394777156 17755.997629384216 17657.63680618401 26019.869203447302 111586.7350680075 527107.4527165529 120534.54071537172 19876.072826867985 15656.48985496882 15682.931402055836 11141.942486169326 9474.765953909096 6800.87925821044 6460.535925631082 5381.313190114366 4032.857036434856 3467.894731866349 3176.123936364495 3623.964953739882 4987.10249142119 3468.117634698324 3393.2391406334164 4216.062686076184 4847.350791364282 4870.35134857563 3197.483332514944 3100.3673804596806 2487.7316688429455 2393.0292986740264 3228.1914876782275 2458.0544026715243 2277.622236786758 3293.690936389073 4586.7531776180085 4107.256891289914 3961.2319187691314 3505.1195153331087 4058.8693182194593 4204.156464270758 2880.0687276094027 2212.1571682384224 2806.3897343711196 2568.5750870173392 2160.6198969530706 3031.0897635895453 3305.0207661268146 3177.6907612986056 2685.200044637729 1880.4789210492129 2620.2757313387656 2757.3132393108663 2054.3213915951064 1463.8991109139156 1404.738642381486 1382.6696030272385 1343.5753511755715 1320.4279881504358 1852.4986838567736 1515.6501485058322 1319.2120013596639 1498.9769266617334 2130.2018658002 3199.8771478700087 2574.1819917126422 4315.35919282565 3006.261359326305 3782.190926744209 5764.531207927901 
9537.905302060773 12926.273064862067 6648.917794869896 5469.561237509292 6568.331259829879 10050.507175646007 11655.49722313206 17665.573923466294 12180.861189572699 7540.067131369616 9446.703896157831 12169.252566861996 19050.343248498444 120534.54071537172 540972.9159745106 148769.14570881706 16259.961808318887 12071.785165073547 6750.477263530248 4538.590147392606 6703.094133760748 4921.016423993031 4822.1275900146675 6637.075253282363 5947.675246553303 5430.316710000601 4082.4857942050867 3004.5577135933245 3998.1861803864886 3600.1106597012267 3462.856634220701 2628.659817568176 4061.1252267701598 5576.605365793982 4734.709310777856 4671.961908626617 3686.4794193062767 3312.372653933056 3112.131518741253 3022.7525261548103 2116.9422294453752 2339.221440624797 2394.28820269615 2168.3460790015656 1271.2405193884324 1792.8526420733817 2605.944407503314 2684.1445713603343 3350.69254280845 2384.640947271872 1941.7826529121708 2763.6184286765556 2092.4577166162494 1632.2364933077877 1228.1132186326683 1973.1863194297682 2141.7567737656886 1989.1293837354754 1100.0194646659652 1639.178063596784 2073.103502832731 1935.4976955715688 1685.269771490206 1681.993766482479 1493.7760893509194 1513.5154909257412 2713.2931641073346 2891.2330490939685 2326.983782883973 2480.7500990405674 1881.4670491387105 2908.7216920017754 3067.3308761871976 5899.753421981359 7014.668021840072 3951.3905448053115 
4729.253416540912 9939.592560379337 3433.3557853197935 2405.6291787158843 5080.142285300412 6303.93861398512 6971.878367061115 13340.07817052403 6089.9563211976765 3039.155928354613 4008.1675306105462 5100.855649801158 6023.279582097335 19876.072826867985 148769.14570881706 780158.2423120168 10480.638874391869 5765.257169416618 3596.2651923982794 1951.4323091295003 3994.783492109864 2658.4292688009846 3007.0693303226644 5254.323739797434 5458.464057735927 4702.774610188044 2399.503853396761 1295.7876844409268 2461.7837354984454 2480.863454768649 1884.1633588369773 1210.928871068148 2124.4121949279324 4593.780277064091 3809.641040144306 3875.131274490874 2727.4380898454606 1656.3847625459082 1671.9135105226005 2032.1656258585074 1011.9908530878821 1015.2142117893673 1069.2472302169865 1079.3224091930786 602.6442582150947 859.21383464679 1310.599076207138 1700.5273316634778 2796.1538361733597 1194.503844066258 1248.115367073731 1670.005939034594 1150.4906914941841 787.84074802445 440.65545678223674 788.3017889057755 1332.9153857613212 883.0277848925432 397.5532149139033 752.0731358448462 1690.5400710027902 1854.80925107683 1297.526001495559 1234.1968041586306 954.2826283563227 778.1793993014325 2212.72738855125 3417.131136337887 1937.3111009503284 1673.9477006334362 811.2908432483139 1936.501248710022 1204.6318861821612 6555.782964973294 7180.195561197075 2588.251079486724 
8184.1515579629195 6581.014955385314 5806.761799972771 4465.862928569425 4057.5910497913105 6059.6882098029155 6950.652660364822 7460.471109031405 7115.753431937096 5606.423030501689 5318.602291653848 6077.87222939287 8273.910286953706 15656.48985496882 16259.961808318887 10480.638874391869 596226.8247913 141469.13210539497 35608.19823619712 16446.68652493589 14513.984573109032 11555.385906249747 9642.368970758704 9182.38019191674 7808.283189856786 6916.41374684963 6449.389836634218 6126.262705838989 5763.346118075245 5245.243640871425 5399.9225532069995 4455.969609083912 6125.406897583054 5238.76461092619 5312.307064339397 4236.48123886406 4163.577951382515 4632.18177905653 3986.304636710632 3861.9860501188755 3531.1283036428517 4180.251716593611 3930.615277023962 3593.5628639951933 2547.391798098968 3181.7228753638897 4156.487564661803 3754.717547082448 3862.287154228799 3618.5501310854397 3250.0578022765253 3240.2680236794536 3542.3987892613154 2780.970969979372 2335.160202655156 3037.625076113159 2972.8769704369574 3176.996575293 2230.148930516565 2716.3765482009126 2587.4175381403056 2433.5674078319794 2351.5511158464433 2268.347115719597 2189.2438415872725 2497.2646858767594 2704.303462708909 2400.8243042804993 2814.7213668921813 3246.39089181893 3331.5700386456733 3518.9458732874987 4984.048814006788 5261.967166518691 5933.370355305282 5847.386736544203 
8563.836293506709 6588.076703990333 7047.472377804135 5808.713277551536 4324.75663465224 7133.420206651534 7588.886104772757 7672.827545026794 8179.531590293235 6970.2600261631205 6961.119137577924 8167.789758824858 11143.632147251052 15682.931402055836 12071.785165073547 5765.257169416618 141469.13210539497 463260.44696977607 98331.41088401616 31995.635717229496 22647.99844798135 16443.454168975397 12172.926937461012 9433.312813718816 7626.015310681672 6897.727443156654 7031.697147342554 7709.581513505519 6814.011863460791 5975.941661824902 6351.607672643817 6074.505709515366 7312.23126278988 5325.040885764553 4575.807419532235 4115.5450243738205 4568.334381010163 5371.001829983363 4685.192114942632 4520.912081912215 4888.275263591116 6020.781630936113 5617.336869497838 5577.853707333096 4315.731195662773 4788.300772660981 5422.108188564442 3963.88449439179 4189.297898947058 4441.378803114686 3868.6038295808703 3891.3180763838527 4485.556154752948 4288.015363507038 3873.971383279088 4025.437251498434 3677.8333396947814 4221.382230333365 3550.099209851324 3522.6082998571296 2904.2138722828827 2744.244559484409 2448.273063676159 2592.813445401568 2517.6449839108086 3032.8803063181404 2689.167666652532 2351.475578226899 2623.1575012260005 3420.355698722885 4264.3187068153065 4201.68869743775 5738.567909561471 4348.321951102861 4442.544270661042 5326.395344277644 
6148.663315548577 4380.630262081157 5999.039383148821 5887.4722212381985 4326.471920657807 5060.728107606645 5641.435582735363 5217.906234238951 6365.304550286194 6901.576125826231 6546.965474170877 7330.140933412703 9770.960653306132 11141.942486169326 6750.477263530248 3596.2651923982794 35608.19823619712 98331.41088401616 527040.0650200151 118487.23584424383 26195.17421145154 18587.188191325826 12335.503109642414 8051.569284093996 6676.569092992988 5756.055930356717 6350.271420235043 8158.6746182396755 5556.332013692639 5280.307997175046 6068.6005486912845 6808.075975583619 6656.811373936926 3838.0591037021445 3826.951094531229 3304.3538032410825 3724.8386450663465 4921.70717758489 3806.9462555801792 3640.4849611183586 5116.097067569665 6188.261153359905 5427.614298714148 5313.866895562552 5402.6707803775125 5208.992390908544 5149.69194144443 3670.03683214001 3149.943274996042 4055.9359578346002 3703.4705280673734 3096.4936181680205 4408.850100696061 4653.579448431556 4827.256667925425 3818.438384004136 3008.0966611924778 3940.95255760171 4616.391718114322 3382.6202271579286 2308.9359673048993 2297.5125595797085 2295.442875799852 2362.778261884436 2459.7143878236407 3245.998773124696 2208.3329726193274 1832.1926903186998 2243.1095538751333 2872.0565038383666 4250.428315339907 3310.6265031455455 5019.789163591439 2687.138792213931 2832.947090020898 4371.639318087556 
5883.441674143125 3563.972231717567 6415.909627003735 6787.16701433843 4787.217736161373 5171.7441881135865 5398.241351413237 4360.26158297197 5955.074808914774 7095.866163898842 6542.1924042616665 7239.289736008672 9264.712272606761 9474.765953909096 4538.590147392606 1951.4323091295003 16446.68652493589 31995.635717229496 118487.23584424383 522870.5001122902 82972.28512706723 34248.348847534246 17987.37182422741 9184.55221603982 7127.861971616884 6165.81657054737 7106.297970968005 9572.252307108161 6011.056129321962 5666.144708648963 6816.087046815284 8184.0339102673415 7384.0870665168295 3745.0782860689405 3668.614275347055 3051.1663206739813 3565.245147798176 4925.573029443043 3818.539713897195 3713.6049464640264 5977.016231672893 7304.581045948142 6133.660386480736 5970.9319180617995 6092.961038033213 6000.6087099288225 5740.668040351457 3668.1340431607755 2900.279497608494 4230.267908512812 3869.867244998315 3203.4095915529406 4916.923280894645 5630.825991050881 5774.119354305702 4585.591847655012 3158.9394153211483 4601.449855507108 5993.993584585704 4143.818635882052 2448.283070096231 2343.7213859950393 2312.318782703874 2309.693899806741 2443.774302437731 3540.0825339498692 2166.7715689349275 1579.4742105557957 2203.4232578822375 3033.3273206166455 4669.39769809804 3172.690385078964 4981.882132415001 2195.407291347485 2341.5275917590347 4258.506749508844 
5715.115973735707 6857.197632581013 4870.387235847574 5052.283785749537 4184.995562327609 7654.887447351415 7606.552073943765 7753.217612725826 6870.910306470307 4083.9880526004185 5394.791458611534 6336.930307954396 5498.329347263388 6800.87925821044 6703.094133760748 3994.783492109864 14513.984573109032 22647.99844798135 26195.17421145154 82972.28512706723 460949.82887264004 116873.39139420728 35456.67225621231 22529.38005549506 15135.372312328049 12599.753118182922 10731.392237872144 8207.915133613185 10601.904082211879 7673.497533229516 7321.077541672824 5512.300977957284 8185.022804055899 6857.604814043678 4906.479928332289 5494.278005029246 5851.0709366563815 6533.7467382047425 6648.8737444384615 6973.388763116233 5752.8139800744775 5884.517982479998 6158.888559689035 6560.062410451926 3430.831841322545 4601.0453269778 5331.895588913103 3924.914792987324 5570.485843054847 4776.264532952113 4472.41287815036 5025.088754630287 4652.244867410563 4474.3679652877645 3470.5586630987145 4846.774896830683 5656.446556238888 5268.834684025258 3395.455200050626 4403.970755563515 4339.568709506624 3991.2798307880553 3877.030303864616 3796.144740801083 3680.9758847506496 3248.161590982637 3490.7177658673636 3167.384985774797 3194.181600615087 4185.642594174989 3810.784992854692 5304.133000112268 4187.773725684984 4141.231770488443 3346.952284756903 3023.2812229873034 
5653.619245669809 4984.040889901419 5897.579077472921 5781.719118617734 4920.204056703255 5706.626599025161 5744.039564302914 5176.093734511766 5391.619679115865 5106.194364153022 4898.580302518575 5233.638667806126 5682.203295781937 6460.535925631082 4921.016423993031 2658.4292688009846 11555.385906249747 16443.454168975397 18587.188191325826 34248.348847534246 116873.39139420728 446103.1963961348 130826.4064595984 29400.000171122498 16377.583348538701 12342.6368758781 11467.011881669992 12373.979926557302 8869.784542062853 7711.899430793324 7926.881573706695 7475.0176220645835 8112.418832734172 5251.189744554508 4856.643419483581 4402.223646417371 4962.56015493639 5887.297066340035 5133.79334778817 5050.752662254127 6092.074931058749 6061.93349167881 5052.240140616525 4904.215121717207 4279.2905732708 4319.63482801725 5224.472932665654 4123.218720259255 4069.822357099524 4742.30384610691 4381.839915461069 4009.020534141578 4576.37306194341 4537.1437286490445 4373.2864746686155 4329.1667162769045 4218.412400476624 4948.557182045152 5113.233638759149 4593.384648663828 3436.088931901653 3426.1302524154603 3186.045763571185 3238.868590974137 3251.418491652386 4075.774962600835 3014.4334285000555 2482.432657970315 3008.208857549127 3586.916914320818 4310.685076835741 3746.019234432373 4657.341757780771 2836.9317411807137 2899.131696819347 3627.8911557363026 
5456.069707602635 5439.01913779163 5042.094603378416 5036.551239591366 4207.342475731781 5304.296768571813 5499.132010208086 5005.730678375392 4851.359131102226 3866.0656095844474 3786.491926932537 4097.483094369792 4184.931692639145 5381.313190114366 4822.1275900146675 3007.0693303226644 9642.368970758704 12172.926937461012 12335.503109642414 17987.37182422741 35456.67225621231 130826.4064595984 455586.15244947927 98921.08019497542 31615.144693849452 20558.435247192763 16632.18052810633 13197.753353253986 11614.446562380643 9317.88411567879 8662.585295537248 6845.5534634379155 8254.542136311853 6252.01605414718 5661.5655338070055 5505.869589621854 5906.358910537371 6679.996421574986 6228.53437368591 6024.770200833411 5973.982463031777 5041.7662360536515 3995.8757760677413 3802.742483524308 3056.8318140594206 3334.929470546708 4523.238966398697 4252.1884802122 4852.4714373763245 5061.671923746593 4386.763316162288 4288.198557661317 4225.354114004562 3861.4068079960857 3401.8807355525537 4253.251608094377 4642.490757551258 4925.180027756124 4320.487659943813 4754.679422937386 4465.510395918304 4289.177342752191 4195.039922810827 3968.1410265270906 3864.0426739127793 4200.774392706643 3783.0914731997223 3241.578223427015 3595.716236951713 3980.8159989331593 4034.1563529554433 3780.9916445350855 4275.803302859046 3329.5537995812724 3018.120130949167 3323.20529217599 
4648.955919823145 7958.246051467911 4015.613591162536 3103.1650386153296 3585.055936555013 5269.008591124717 5617.8196908454665 6969.400727538042 4170.494637352597 2223.0652154711693 2728.1718332492997 3043.7758331395507 2569.5761462097894 4032.857036434856 6637.075253282363 5254.323739797434 9182.38019191674 9433.312813718816 8051.569284093996 9184.55221603982 22529.38005549506 29400.000171122498 98921.08019497542 451885.70229025645 125131.71275654889 46730.97054168492 23356.857115241553 11838.469385418073 14628.149549207343 10657.192677573692 8500.608849471244 4893.986215995591 7432.576868728925 8628.88904808338 7451.878953989721 8651.686637265244 8401.190735430839 6804.447037304971 7802.350759752517 7339.792874720863 4335.882615318068 3560.8477713106176 3208.748572702011 2955.711325238879 1778.0003316693167 2209.8750696412076 3443.538823125721 4381.634337653754 6642.770827930043 4745.940558105276 4100.553453949406 5198.372342435575 3498.5544956461067 2802.807903117599 2105.4105882532394 3610.413269386635 5313.617202603858 4241.622888338541 2258.60993397046 3914.6899225299376 5861.670553472254 5639.475558140598 5056.768778865781 5040.492513676724 4440.266277565743 3516.666374337589 5308.013382272403 5477.482179688969 4896.288254385652 4433.201543359535 2829.0923866190556 4469.750899551952 3340.5057555665735 5203.457444754591 4251.857535385726 2532.4839441640192 
4261.0824014301015 7955.449385607763 3859.7631371366356 2954.151021079416 3534.269690392829 4977.934679475282 5101.98214876717 6598.488916675802 3733.493042318614 2051.3344710613546 2543.0364004539897 2907.5061948402154 2408.184216814432 3467.894731866349 5947.675246553303 5458.464057735927 7808.283189856786 7626.015310681672 6676.569092992988 7127.861971616884 15135.372312328049 16377.583348538701 31615.144693849452 125131.71275654889 460895.62359821954 110459.38259815924 33388.82487423925 14721.898548294075 18249.16245798695 12707.77873451728 9499.889338304029 5120.905767704063 7413.709034909659 8947.841241134796 7805.946076684087 9710.638147920206 9587.686579970326 6789.722252846437 7903.863619982865 7821.568050654048 4311.566632615282 3327.594336751735 2850.818635970079 2587.496017814412 1662.7058524163592 2079.0877578401696 3280.894694111501 4483.029105450422 6856.9587458139285 4915.048558642358 4094.970257808582 5402.423181173219 3450.886473590625 2578.5828644061917 1958.791685899543 3761.9732419266334 5785.599874163689 4234.680251484785 2253.9492748940543 3949.942266479685 6043.257288062858 6249.591024191405 5722.934275842047 5411.436990444365 4784.515146622103 3798.374003686528 5697.285369200039 6064.878370027114 5047.760966508094 4381.027454473358 2736.1161841195635 4460.383301701355 3136.165519662187 5235.010070424737 4210.175514824648 2490.430735866233 
4016.7530591754626 7957.194686854973 3823.851923892116 2795.34648284681 2993.5481623504247 4735.023785347371 5046.257305056009 5766.47126584955 3534.409499277875 1911.2429071960448 2322.128081469459 2759.359083490689 2302.260168001754 3176.123936364495 5430.316710000601 4702.774610188044 6916.41374684963 6897.727443156654 5756.055930356717 6165.81657054737 12599.753118182922 12342.6368758781 20558.435247192763 46730.97054168492 110459.38259815924 456321.085420453 103690.0114431522 26583.606509639856 28420.006659825835 16817.23153354931 11464.213604118255 5432.6239005017105 7932.2257002260885 8842.769157644023 7198.71280423751 10128.405655573013 10318.166111321918 7663.485608906489 8963.787911083633 8524.121393009507 4560.212978742951 3385.887041887962 2903.7533209823314 2679.5384022336134 1606.715309441261 2073.065547361465 3317.5067602926733 4100.443535489804 7324.064181324719 5433.754748655516 4446.487849394526 5560.277164243463 3598.89776627201 2695.3169223822965 2001.9239204330013 3958.9672426318057 6323.3608683704615 4561.078212336467 2198.473328844203 4372.466136955934 6809.075382930382 7294.602085660287 7026.949957403161 6060.565260347423 5549.92842346533 4012.601468156697 5585.604332603467 5865.209680345133 5092.764527089462 4666.595589526136 2698.337144885284 4401.643546913152 3107.249056082521 4684.899703371046 3401.510489681793 2158.6280948388176 
4505.3023889781125 6172.347078316353 4636.673514376335 3650.4401202387417 3404.5217306410946 4549.401897876719 4674.620604059523 4353.221683415086 3763.0355837736065 2654.1084054061103 2712.319962898569 3192.168698033672 2994.8898192875736 3623.964953739882 4082.4857942050867 2399.503853396761 6449.389836634218 7031.697147342554 6350.271420235043 7106.297970968005 10731.392237872144 11467.011881669992 16632.18052810633 23356.857115241553 33388.82487423925 103690.0114431522 454421.3291738886 113847.69621777491 40758.73043887123 20565.85856987083 14307.073581522594 8128.355330691237 9486.334069893144 7810.004288385196 7306.208173094802 7817.8419503046625 8673.014193277506 8331.008065825194 8364.225717674475 7565.110118460935 5750.695245372776 4366.242135758179 3245.4615728361564 3129.016993613156 2517.622850161629 2804.434084946391 4045.5680128953095 4628.338990696771 6231.7047773515715 5853.512684807825 4968.116288439804 5226.781657716617 4090.803537222257 3520.9531091707886 2973.147025195578 4860.583767504404 5920.048463115945 4969.043993207812 3619.465671118744 5193.018726670647 6163.30003216558 6088.724444803105 6126.804090522243 5753.589838964039 5553.341257401706 4808.287963362863 4753.560081995643 4323.881490178762 4475.423648257405 4371.114930844794 3393.2619519369705 3862.580626371781 3872.4460956947505 3557.3604807400347 2796.087557599179 2602.0930277885395 
5615.504158682494 3739.233707841594 5800.872044509968 5313.866949561756 4151.1429351407505 3733.390156086816 4042.8915785825398 2993.20423459767 3660.313454631797 4470.918341471397 3555.26443276412 3739.4317675932916 4680.5137146856705 4987.10249142119 3004.5577135933245 1295.7876844409268 6126.262705838989 7709.581513505519 8158.6746182396755 9572.252307108161 8207.915133613185 12373.979926557302 13197.753353253986 11838.469385418073 14721.898548294075 26583.606509639856 113847.69621777491 499019.54049068707 91495.41993276052 23199.048926892156 18130.64302259929 14209.237529601973 12071.709726192657 6265.415705945826 6500.745828562876 5443.609058552933 6209.774689375943 7901.059208861622 5832.86192907995 5373.600501459093 7118.02713697868 6707.3519542897975 4490.542889208819 4058.9908150152028 4605.143080834046 4286.084476171138 5347.004729369738 4780.984218613934 4027.603331987377 5965.531375954657 5269.925919513137 4066.9154789448357 5197.305790978098 4894.642604336374 5435.488565955956 5438.600595206299 4243.818322256134 5681.393009797165 7013.214823512099 5876.189066345713 4050.8001226946826 4184.344800046131 4043.693714125039 4007.037416438317 4208.136008636824 5577.887476718449 3302.5368891955236 2601.260115255001 3405.2575859791737 3846.7438606109 4998.461092815634 3147.9406472800038 5329.292947175358 2345.720337950794 2525.4608669838813 3973.0958942962616 
