705758.8284357255 101755.614794896 116071.92999876423 39001.01354527359 33794.52403078368 24925.15540601051 26043.870038513553 27509.77718981155 19127.68171624058 13782.628524140895 10709.986751431501 4324.292855142139 7011.710030834118 5752.135839439704 4376.6140833720465 5151.546038364448 7343.901494990302 8049.5992931572055 5255.770637049393 4933.192129583059 1655.9115528008522 967.5645846932539 1107.7900032055934 1013.5793847350968 1500.4712461401007 3570.805579152417 12012.928315079731 9953.439037423548 5438.463942120523 3555.26144525266 3170.435384723841 2520.3643281381424 1741.1329125013197 5734.614520868388 5622.308261346657 4362.8692953648215 3160.4088817926063 1785.4932001323957 1705.4176608922164 983.1149963325572 2102.2483127773726 2440.015332726557 2247.4149097322957 1190.962370236195 397.08293977865463 574.2142904117889 566.4272003938055 641.1608066993042 844.5055168854227 1115.5347514856587 1001.9622702921021 1894.9948363428919 1051.3428464000353 1379.551917486274 678.3593994505334 438.45985613217283 988.2484754680345 651.0869293082436 646.9900870492837 1074.5209510367567 1242.0285511673721 1493.211869881413 1566.431181537604 1184.7877893592945 1602.800513097538 924.3657442383465 2465.3770536144098 5113.713541849918 3759.313870258772 1572.6808120448786 802.812532721621 958.0376967544674 1797.7775837381414 1833.8958490148707 2595.8587852531305 2648.3943632982246 1676.9551137941164 2916.1274084917623 4179.186621186103 1952.3304620538602 2532.3244188967947 2013.131423830747 
101755.614794896 893707.4747884314 88768.75288254458 33115.02476776496 12207.676413719033 12193.050189877584 9214.11636357091 7142.967363321116 8686.700015532087 8513.95199635325 5208.1519264746585 4733.7403388985595 4886.369735220554 4397.280314909231 3942.7417617618707 4279.747711311168 4667.3337900174165 4494.945382228654 4637.348192223021 3398.107068008608 1724.1867736865977 719.2102481450669 1013.1411572908642 881.7521742167668 1585.4600387538164 3271.4579627761145 3811.147455671055 3808.1495167892763 4367.32053668493 3039.241899396208 2274.5147294112794 2099.210826606007 1916.116693752498 3797.3537538418623 2497.44227402023 2860.9861266581033 2531.1839073856813 1726.1122817671026 1670.4636380974741 1024.047977185476 1506.3781254423366 1817.9182630934279 1700.3800065132002 1043.6824014536953 355.17556424822845 412.356404292783 487.3379384072054 642.9168670656826 782.995292404328 815.8730342982087 946.3071059816268 1027.7056866058206 909.073594233775 1085.2892419999525 618.6527965205022 381.78736603771006 765.056674960437 668.7530613061438 590.4227248106715 864.4894404354578 839.7417461457275 993.5146720473017 1342.284506093611 1059.3462800089278 1246.27834964975 895.1927256309907 1584.852273338308 1458.1844493216063 1892.42736049947 1495.9427555463635 752.8189502492033 563.3837453647408 1401.536921249375 1245.2049455212295 1580.5456363761064 1026.0607275265336 1266.5671445321057 1067.9989305006281 1785.790390291698 1467.911099647835 1352.6561031800895 1337.4234859562323 
116071.92999876423 88768.75288254458 582926.0545954931 134699.97283346174 26185.71840872533 28103.713684682203 19877.368035426203 13494.87391467455 21137.643281641387 15916.829534283044 10420.876815105721 9431.753703287046 9560.56428864692 8027.651315414678 8242.496504281336 8676.254542192244 7441.88999523421 7567.763382547318 7932.16902677178 6558.396561159904 4131.532438980898 2343.0012772617674 2176.4898114222747 2185.8302295957837 3435.762102181453 7684.751858836204 7155.679024093509 6240.819603769536 7865.176219870813 5821.441289844814 5030.814172019007 4595.6594826412165 4585.37580641413 6160.06741249021 4112.732117892639 5305.000314576544 4427.451146066 3200.282016481558 2705.36447433063 2415.6383580271586 2878.8855123224957 2843.8499290441137 3007.185910015655 1960.7971692013666 1030.5359866420695 1040.684845753222 1153.0495873409309 1184.0703479169897 1430.3639042725058 1813.5114452104644 1582.4876753831052 2141.131219982799 2025.0166016566357 1910.778361732329 1292.9727218835774 942.9729352652075 1258.9419150048311 1109.0616036311878 1158.9510194243533 1544.4223871925328 1849.9714066813856 2108.2128164333185 2148.6114200908614 2096.287530442819 2032.0057103424838 2082.740051285159 3255.8752942973683 2846.8654126093857 3180.6934900929987 3041.603601281541 1676.9177189448455 1924.4374471200108 2359.688670414516 2707.3387864996303 2882.9574888416337 2295.942189695698 2163.484734959367 2257.36673044534 2692.5354467711013 3047.5686363968193 2597.8767292280895 3046.688888707081 
39001.01354527359 33115.02476776496 134699.97283346174 545766.112338259 128533.61109054858 70200.24297510061 54218.98097038212 37879.71415958235 28786.873220295285 16397.376418029915 11899.00815748803 7393.506527031103 8263.05154064747 6125.315604416709 5929.008854581058 6245.049035414704 7013.109781939387 7636.952407913937 6134.77890260541 5231.984424863113 3100.2066266569277 1997.054201022588 1674.7514329387745 1703.0085036329535 2682.778503683779 5318.388255911496 9885.97979159373 9080.469470421795 6041.470634188551 4370.895619878 4008.8070208593504 3339.649180805445 3422.490855289616 5075.924921261134 4945.019179931815 4491.616926065826 3186.9505604595192 2276.629289948041 2016.0573249941567 1749.5791021212058 1978.3113450133073 2264.4008473067024 2322.3890050175855 1375.01255100239 904.2925398549414 878.8806673075381 846.4481284141766 850.2725339666725 1103.754912355148 1210.7868744795796 1116.5947730772064 1622.705131338056 1332.9225595513014 1306.7761432114878 887.5009949479625 757.2740714181582 932.6481154475406 859.698198779601 862.7173102527406 1199.0303459643367 1337.6515636922506 1434.8709721821074 1556.0417228806236 1412.9505609220191 1418.0262570150112 1615.3972577393536 2607.506166272553 3787.5066356716425 3211.949721354589 2040.3309097284398 1271.5410640845575 1361.2472178979913 1670.5832261401413 1979.3510538481244 2395.154424524467 2356.6416937377144 1923.4546437622791 2323.549006693344 3289.3934489361845 2078.8430623843615 2291.6821730064567 2192.2093777714385 
33794.52403078368 12207.676413719033 26185.71840872533 128533.61109054858 538145.2998973 166737.64627345835 104228.08541793546 67599.74874648011 33840.60106282864 15823.51289173547 12893.554486400437 3580.228765657798 7151.44602102792 4773.64340631178 3438.535142391966 4677.458004456966 7565.722254897943 9063.750696656653 4674.220553211145 4301.296232298253 1274.9574692059987 869.5317758129485 781.6678706238406 798.4854016656091 1161.1394870946517 2523.0541916209936 15331.825017971532 13207.916781319678 4297.821787548606 2770.492832292888 2770.296848326367 1686.0825367234609 993.0846619497755 4922.519362588022 6360.925441174762 3982.4508490431745 2335.016819218539 1118.2534864776487 1327.0692656781418 555.546930286245 1242.4232022089916 1748.63912967455 1533.4083016766724 731.6995874407731 347.3659745711078 320.0710508063895 398.25588567315293 374.4849242437729 559.7054464338634 694.4250090176143 605.9819684652703 1453.817687549451 522.1609796231319 951.6730488696614 418.9730301459445 288.8263602186695 564.7871447681697 437.33007469407585 375.79462907789565 682.6865802724775 847.3498322951287 946.7882813305548 1178.4834758790603 785.4495786778551 982.5626762150072 525.6033451260253 1732.5159518416567 5429.64213146108 3519.489580556484 901.0247019009352 433.5503563049023 621.9674725255793 1335.2458500795433 1206.691012637666 2030.616977802111 2732.1197102906262 1430.0645721708813 3389.080736065553 4768.085226433813 1225.0010496706532 1974.543551191232 1234.2893944413513 
24925.15540601051 12193.050189877584 28103.713684682203 70200.24297510061 166737.64627345835 508545.7598122158 159732.63890394982 61263.6624175184 40208.24460142717 20262.011749096047 13584.45692381732 6458.4144530897265 8738.483064825032 5693.174373659233 5142.010260548656 6948.918205596063 8108.057832592896 8811.403386808917 6117.714704901695 5208.528216840952 2002.7779309368673 1363.102072503971 1215.5228581709277 1232.3338199294167 1866.5349076716886 4877.913100846775 12886.435576891414 10841.108382254899 6414.943006122057 4667.450850807507 3718.1624670974597 2720.0861891764907 2119.1657616994553 4898.992770332737 6114.626742370553 5010.061540966043 3560.1295633504155 1903.3421407629298 1744.9333194734998 1022.4949548963663 1676.0208696564932 2023.510343674594 2046.2866395255273 959.6317297750365 579.3945671025302 494.41640552513076 585.9424148838623 572.0680950459771 768.8605789135346 1014.5345438797156 946.3205087594682 1541.2545856167073 997.7665868234686 1165.38203365695 616.5697190609293 435.2640702039442 848.5291030988292 691.9402708492373 579.2370669838318 952.2259356007725 1112.478363483196 1346.8471439290004 1508.3421883845033 1064.9377264177392 1454.7394210362777 1022.5513731215462 2144.0201775645 4312.727815178418 3292.1983671134117 1589.7257800827142 823.0634949865976 938.4579199387525 1538.2148668551338 1635.180400997039 2188.297978547108 2622.8669364834846 2334.2372104784436 3079.861837845007 3963.1415515101576 2025.5789958173389 2490.5507219632923 1982.6643217863405 
26043.870038513553 9214.11636357091 19877.368035426203 54218.98097038212 104228.08541793546 159732.63890394982 514373.9987170104 125172.40497152993 53463.755323388104 23809.04586396198 17110.459081302688 5673.440854023285 10249.372990750606 6469.283666281007 4652.687926826658 5861.680066431726 8737.02909750223 10108.309843342986 5902.58606787064 5385.6890438470455 1747.2878438974542 1139.373197322081 1103.355146090011 1061.1687224547748 1545.4201997341347 3512.427659033329 15179.373438894037 12974.64382027792 5267.987537299615 3423.6468381204813 3163.1464990708528 2248.5773167533575 1464.4069892520856 5422.959312681225 6528.856329561508 4445.7216078452175 2987.6507043045613 1610.517273329548 1690.130548507887 816.415239354563 1570.331597760022 2227.576717815721 1883.9710812934754 901.9494151896878 388.6398645642858 442.5627500759536 462.2510457356112 562.5393205173481 720.2760655802159 968.8148322213024 897.4140611859958 1650.4645379174021 777.1408877142193 1023.9126294399928 587.2544904114649 348.5641148429249 692.3048125099734 527.4810951032722 512.7882294438492 878.8760145941343 979.5853167305104 1286.734625756214 1356.8125646420224 907.1635241483588 1340.1677477771855 749.4161014884863 2282.4760740420247 5638.45945292878 4052.761365639612 1312.6122302477816 641.0647129162 865.6582211828289 1688.166743198027 1543.688025375406 2313.384339166471 2763.269407598226 1681.1316632603634 3600.877098789162 4807.507020148195 1722.1170938113012 2467.7836590280685 1681.245620220737 
27509.77718981155 7142.967363321116 13494.87391467455 37879.71415958235 67599.74874648011 61263.6624175184 125172.40497152993 540274.3226591663 159373.9930716341 38338.3323405599 26979.999697414612 5446.87146076579 12603.566822487126 6707.83259854668 4363.051926646477 5800.792701799 9836.95226980431 11661.740861760845 5558.907472404133 5149.3745263082465 1546.6703684046936 1082.238122813974 985.0288166407788 993.5362044081243 1214.883974443371 2637.805414390035 18137.30489532231 15465.426255114317 4775.000983667786 2838.1137464115154 2829.7813829729935 1813.201039798759 1052.1760473386062 5535.790335284416 7266.507821790448 4477.679028760489 2490.16801018198 1245.967226518506 1371.1207509420606 570.8739099468339 1448.908020035783 2068.8120815504863 1763.2653930512947 755.8862059891603 332.63506004245386 331.9894132319991 385.2163621123658 443.2270479605725 542.9492093352794 851.8959602945733 693.890369815406 1583.4265514630583 604.5174851587269 936.734159199229 483.01935596381423 285.6168987057082 575.6571703441006 458.6058270422992 391.61884212820144 755.1861429974274 854.5714167890565 1089.837184234353 1245.0282038519244 757.7655807872297 1208.2450989575825 605.9170830575943 2230.6368663225885 6636.39852733062 4361.8080605315445 1019.6875523956126 462.12759670945655 636.646709316856 1606.391799404081 1300.9671667159805 2371.177271397162 3113.7560189468973 1549.4946024018993 3933.524896278563 5449.081081072503 1334.5291838738956 2382.3683463039647 1327.2372695122883 
19127.68171624058 8686.700015532087 21137.643281641387 28786.873220295285 33840.60106282864 40208.24460142717 53463.755323388104 159373.9930716341 589044.892107706 67917.3072061943 32259.193213486444 12471.654676488683 16377.572963361048 9829.987389986363 8550.613999242512 9233.042341903401 9633.03467320025 10927.540822750118 7523.769395087479 6592.20904376718 3085.2885566026857 1796.2254055103758 1746.8151362328015 1713.4152715551193 2496.0613534924214 5728.988591798915 12735.54034591555 10414.651498297591 7048.076822898613 4856.457288699369 4170.861932559355 3432.22326103346 2933.7740347424947 5941.673267766512 5685.543588891905 5235.840433412079 3709.3858588797716 2372.614870682828 2167.4969513885635 1615.37806041277 2252.677747921117 2595.2810880207294 2706.637904463571 1333.9255307925282 671.9039888031018 720.4419593030453 753.1666691022641 802.6901866573703 998.1453572760068 1301.2840299902928 1199.3745517381678 1906.3078777672356 1354.1455584420003 1499.002085250655 898.9302554354123 592.105071565763 965.0353006269069 865.5363340530993 772.046237368741 1249.4377029296697 1293.2472286550515 1600.0367917460592 1723.3071463853028 1414.007094412373 1611.285681343946 1391.9971956605557 2746.8861995229463 4785.091062692775 3915.557580546844 2242.8789273892226 1117.2047165799443 1277.2332988511496 2104.3615218720815 2385.4667121771604 2773.171439804151 2716.9026157338744 2043.3124103429936 2899.9622409506615 3927.896103777961 2243.0568640397946 2623.5140299910763 2412.3683396794336 
13782.628524140895 8513.95199635325 15916.829534283044 16397.376418029915 15823.51289173547 20262.011749096047 23809.04586396198 38338.3323405599 67917.3072061943 562700.6782335688 171966.97393164271 24196.132557132412 38388.66855882813 19459.766749496215 12903.984824623089 12305.74225854425 12495.911855837627 12297.673955518521 10433.449620818434 10401.583339302108 3783.9633872241548 2032.13960440441 2080.436731395295 2049.4749722478714 3197.2410418235354 6877.346336745367 10346.455343674479 9257.887569247347 7979.139511388109 5768.472890242187 5066.275662470563 4599.284051457505 3404.4871743259596 8324.437694713943 5849.062777658035 5775.741308970699 4963.652496547123 3434.0999288589433 3427.328287747872 1864.9070901718615 3519.8509430342474 4282.219923516339 3868.2879088235118 2132.24258455108 781.6865354694027 850.5174328197843 1096.9059702824834 1231.5019120087668 1457.0484100101933 2041.3519942626347 1874.7866175947865 3063.488697917317 1768.4546328837657 2388.2881744132364 1297.0070953723452 690.5241248625307 1517.1593773357433 1206.9361954847768 1147.2893718720725 1904.9753076140498 2072.0586989839676 2460.5685595871255 2383.2343646078584 2058.224324984743 2560.7451024773823 1725.2782644087083 3704.003202488092 4566.982588493609 4928.404450771605 2947.166730629955 1452.1882663014571 1650.3937385564234 3318.1125226853082 3012.248948183407 3736.292112241495 2942.140096748281 2270.6701447935416 2890.3469068891645 3721.677065944365 3065.0433065135367 3085.0489202466656 2900.467934743738 
10709.986751431501 5208.1519264746585 10420.876815105721 11899.00815748803 12893.554486400437 13584.45692381732 17110.459081302688 26979.999697414612 32259.193213486444 171966.97393164271 642345.05955905 51122.73457785584 49969.99528976335 20752.528321889084 12072.628156580458 10724.471751467205 11918.132974240234 11440.805588048319 8598.329500123904 8623.043125123246 3401.728055221035 2014.7037513614014 1923.0703735024315 1794.3048138342856 2820.347617693716 4964.072632267334 9639.99855439807 8304.22448013285 6025.755192452638 4473.369075139071 4087.0813364104415 3604.590978734736 2659.384294968848 7527.033701097131 5053.016255545932 4590.066146743378 3986.267914698707 2847.406076539333 2838.0753174820325 1617.5730874131327 3075.7336000352357 3802.193101873509 3363.7833339962735 1938.2157742454299 812.2594735888723 682.5724313578784 885.1335343473066 1008.2980609036761 1292.0324452161703 1726.6498166359838 1472.7021612929752 2788.918371342479 1429.5476890565674 1966.2532054471988 1124.1621577370493 691.8488185010731 1259.814126459063 1101.663074572916 997.0148263916535 1559.6083372520802 1782.0797718832164 1936.9552481685914 2256.6956635931156 1669.2285364800755 2203.0287666642134 1414.6401148834766 2975.634593710953 4466.624304648666 4305.220509590082 2212.578836720483 1280.0397512478949 1390.0313696790736 2758.3473794189663 2336.431737191086 3125.4549658085825 2479.2904962497814 1705.1638239042868 2580.389401990882 3450.9122276616436 2189.877287701422 2583.5168750035723 2151.276145491565 
4324.292855142139 4733.7403388985595 9431.753703287046 7393.506527031103 3580.228765657798 6458.4144530897265 5673.440854023285 5446.87146076579 12471.654676488683 24196.132557132412 51122.73457785584 707881.249414314 117462.76243564612 36706.407553837365 25331.576624274432 15666.777966659363 8805.538861210218 9037.50064841059 11560.339802063212 9574.717504890912 10509.686509591676 5908.322090865106 5133.264315971495 5165.554604823822 7465.4422304139 10564.313630635763 3979.6094907968886 3668.5135554341655 6579.46173758804 6142.65387596921 5966.161575386978 7030.448745845697 7584.153732689376 4528.030917871984 3526.180123311473 4786.545599987668 5144.886100184557 5098.126486243142 4149.558748994459 4580.054611871656 4058.9782228875806 3290.449063576667 3877.32845633185 3703.884280317196 2816.9183100091295 2311.8150904778736 2512.5619105175188 2553.440087402998 2744.7407756438233 2708.3316884313635 2672.1071543107105 2423.0401737837333 3185.366517328912 2512.8414110335316 2674.397647366189 2308.584430563508 2389.722122162507 2431.731971618382 2634.5365629239777 2713.753458292105 2907.3814751468794 2787.925802084368 2508.729266207376 3146.389891273446 2905.0682722041083 4232.1627948178675 3191.0002890909855 1492.5327457382125 2062.7763352791444 4029.579753072747 3503.119845833803 3362.7754108817717 2501.9016881454286 3075.3393430791757 2290.1112617727886 1517.5103584761914 2367.5800221080285 1246.6777577435187 1199.8278349387786 3178.933375272661 2927.6170242535713 3349.205664998835 
7011.710030834118 4886.369735220554 9560.56428864692 8263.05154064747 7151.44602102792 8738.483064825032 10249.372990750606 12603.566822487126 16377.572963361048 38388.66855882813 49969.99528976335 117462.76243564612 616317.1593621792 106916.78657201731 28359.240598354456 17009.438605807285 13555.800017362353 12610.887509900553 11250.754068823204 12127.432665875333 5001.526451923427 2634.861355423669 2689.7802021045227 2591.1656546350437 4023.3013086374904 6550.742830527503 7796.894548891324 6969.133087304419 6986.718997439907 5290.663880075543 4861.744307706236 5148.8468045157815 3512.617931570448 7662.352106330386 4437.826294131887 4862.503076426999 4743.31393338072 3962.8696047054805 3989.7392311929093 2223.5464012659413 4198.518558051522 4638.832539021468 4365.829011881448 2689.846722449127 999.3505272199054 1109.7532499734193 1410.1656673898503 1628.0521009699696 1782.41460693221 2524.9012341276384 2124.9059464271495 3339.498922793918 2028.729568752446 3074.6159387932944 1657.7626049996077 909.4122198218826 1767.716911320187 1565.9308125168159 1440.0687667028983 2311.057791476696 2611.0678786169324 2888.839767529542 2756.7037072842795 2513.08852002595 3019.4750147685863 2078.38393327 3291.795702802436 3451.1292139636403 3923.361360431551 3143.7809104844673 1780.8657544450164 2013.5975521280536 3504.8605513197635 2985.544422475701 3247.5199673676384 2387.397603518584 1783.7189939744865 2274.6355184228582 2898.0865307766617 2599.3245043038387 2687.2927085598267 2601.750999732359 
5752.135839439704 4397.280314909231 8027.651315414678 6125.315604416709 4773.64340631178 5693.174373659233 6469.283666281007 6707.83259854668 9829.987389986363 19459.766749496215 20752.528321889084 36706.407553837365 106916.78657201731 606138.5604273049 123926.75468614475 32067.844418403838 19312.80361518133 15846.880840872098 15490.667239078306 17143.242177749657 7422.278894849565 3697.369681943244 3822.1959165966036 3753.708294849846 5635.611161015447 8127.984733850167 6778.388249107601 6114.969061680296 7074.715347245582 5763.713938331428 5780.074043535731 6676.515190574696 4711.931546936773 8643.395729841764 4244.38301447529 5026.720695010936 5655.00560757489 5015.19792604663 5105.398257810853 3203.24883546879 5553.837009625182 5953.758367067215 5484.439664532349 3486.902333700193 1356.7761025260809 1512.6331624309648 2064.5744357718086 2332.2822527985727 2651.6112081901206 3349.8854337453163 2888.735555925432 4126.600553211883 2641.4574398159007 3861.945958569774 2315.5846099910764 1220.990117382873 2376.3578634568257 2087.2011035628307 2131.774514970326 2984.1159140100012 3074.4034830153387 3416.01590093027 3190.1218089307376 3190.02940683858 3692.0508478167135 2558.098258121074 3491.0165627543706 3047.0956478645517 3899.287400422483 3794.852206481671 2379.78304762779 2475.416369696346 4212.172179673514 3422.227587103242 3483.9225001962373 2138.0560257433726 1850.0267923756155 1847.2445600457602 2354.2813190976667 2947.7538209628406 2845.743767672116 2849.2471522488236 
4376.6140833720465 3942.7417617618707 8242.496504281336 5929.008854581058 3438.535142391966 5142.010260548656 4652.687926826658 4363.051926646477 8550.613999242512 12903.984824623089 12072.628156580458 25331.576624274432 28359.240598354456 123926.75468614475 612199.9123700545 107808.9346609445 25344.564483564816 20889.062075285965 20267.182275035 16807.904820602696 13409.7729145154 7014.4268039445 6059.592953442761 6118.576507745968 8312.483479072975 11705.90928506193 5372.725886998448 4794.964090429157 7910.6604197660035 7513.000442716801 7170.0936159167495 7836.99862992474 7285.348797512893 6080.773062200774 3925.7142034179415 5255.431980933952 6113.430043158819 5444.620724376093 4652.346042418862 4372.397819603476 4414.725011797103 3853.6846104074475 4397.706623265928 3669.1155840041115 2340.27661311097 2178.642115472404 2352.7227070559816 2456.140589667471 2745.031742187301 2839.3556477395014 2503.6327016046143 2941.454774681361 3271.892427801208 3124.4228884106583 2464.3979442158957 1957.7026228067348 2441.834213599896 2349.2794240631865 2446.5812467341857 2823.8767392785717 2828.6627317492175 2818.5465926025454 2656.349528297996 3300.580178594391 3134.362137873696 3472.9422218261248 3227.967134189892 2077.150445216202 2619.0319858753505 4167.665390735256 3357.718462863675 3168.9512433349796 3074.9773705091948 3236.563914439832 2733.476836725658 1649.6290386013561 2195.121269049908 1519.0215705369899 1694.665412108568 3147.705205128363 2844.047706511536 3124.3836660663496 
5151.546038364448 4279.747711311168 8676.254542192244 6245.049035414704 4677.458004456966 6948.918205596063 5861.680066431726 5800.792701799 9233.042341903401 12305.74225854425 10724.471751467205 15666.777966659363 17009.438605807285 32067.844418403838 107808.9346609445 526614.0849712099 145805.28430162332 77717.64615850884 44164.79959829748 23005.195284819336 11697.087570985013 4909.195892465496 4304.724811124745 4327.188798520022 6436.24027860674 11542.635926631625 8901.377982300204 7888.541500182696 10212.816042413457 8728.62315863348 7411.933583700941 6995.3857476955045 6330.204608343738 7612.361131153681 5264.554415849683 6329.351755471836 6470.436561006875 4777.483032340366 4027.1496482606003 3294.6639450492758 3849.7530885192145 3621.452346570123 3899.740409382046 2606.0878357982583 1440.1317770484861 1504.8404297717514 1546.4841995488714 1681.598217125911 1893.9394749471417 2151.39425101434 1951.9629799263719 2791.5359985629766 2590.1434868966053 2427.4564377881593 1609.1284315301384 1131.6689687064143 1896.1075740919491 1732.58867142739 1578.800893955057 1992.8104986308476 2198.1657657690735 2532.225285873291 2499.8224193183823 2546.3317677744085 2735.7097272693945 2637.4611483440412 3430.1936681678235 2907.2843566748493 3172.9192504730213 3228.0659457913953 2159.5012015434168 2132.431568505651 2829.99858030014 2959.5294160358726 3124.0567716023083 2479.6753613167016 2898.786378363879 2202.2036209021016 2427.5727354889673 3064.6350754510468 2814.7949977205135 2670.26614932988 
7343.901494990302 4667.3337900174165 7441.88999523421 7013.109781939387 7565.722254897943 8108.057832592896 8737.02909750223 9836.95226980431 9633.03467320025 12495.911855837627 11918.132974240234 8805.538861210218 13555.800017362353 19312.80361518133 25344.564483564816 145805.28430162332 530055.7482478602 181792.61728993448 55707.107383848925 24594.162114954335 7762.058559295251 3199.378751775456 2955.9066426279655 2916.825535738056 4063.653736110858 7918.857145136444 14007.962387759662 12260.365385573306 9566.896369965561 7099.718390968853 6284.317311540999 4808.47113232069 3745.9827706499304 9205.952495101625 7018.438520313171 6145.429016786948 5171.188725371339 3190.2055804843562 3162.532480447744 1817.0737714959519 3101.0352138416415 3719.767476584881 3308.6130160962434 1762.7379146784579 799.5126465438391 833.3631702197818 925.1150144384826 1093.6254773840453 1291.6931936686017 1615.0718781584858 1392.4571876544717 2819.4873939680588 1688.1405348295707 2101.3145587661743 1033.2701017169297 671.6811903850734 1331.37137536122 1081.228113277592 956.5331442749311 1448.368385329631 1666.0668143503701 2047.7038723101 2313.138254688016 1742.8997603829346 2211.3166495879514 1484.2534832475594 3183.650479763352 4698.2938556692525 4057.305246722286 2019.3739538683672 1198.4843018170939 1384.222034121557 2575.6171192406537 2298.5281048609204 3523.896877562918 3381.627542567606 2510.828990140119 3389.770671491095 3914.1434694252566 2402.9588439595286 2323.6660920847385 1899.7548742277693 
8049.5992931572055 4494.945382228654 7567.763382547318 7636.952407913937 9063.750696656653 8811.403386808917 10108.309843342986 11661.740861760845 10927.540822750118 12297.673955518521 11440.805588048319 9037.50064841059 12610.887509900553 15846.880840872098 20889.062075285965 77717.64615850884 181792.61728993448 528896.1360112111 97655.23283676231 31140.291329186668 10550.682221299136 4207.398730135591 3587.390508522247 3426.09743668844 4848.954271081579 9196.0174391545 16581.81205587136 13835.67970144948 10442.260648356712 7785.382550256015 6787.063671085384 5240.328839143553 4755.247189160078 9015.747035482998 7718.177144168871 6635.071853917676 5253.944232544713 3607.678958642675 3191.377889610849 2258.032950983078 3185.5481817911623 3485.4739325079076 3424.469116900148 1897.7770079542524 1039.1492680163713 948.1583925867235 1049.6864809503766 1169.5611711395975 1393.9209998766316 1678.5824193044432 1442.321410238515 2740.0749787523328 1801.76209971501 2026.4027313311472 1168.0609927928072 821.9058142384251 1323.6437825889434 1236.8854506068558 1036.1579879168098 1555.459109495484 1757.344441947495 2133.208684992484 2179.5193081858138 1776.2369754765257 2322.028765068992 1792.5741551460158 3364.5194011384415 5034.909921515387 4079.1520295234127 2291.61250327143 1335.7683117871193 1586.7260198130302 2583.84995114362 2505.725139139249 3558.247389097879 3599.3315903406005 3035.602120992142 3711.93032656157 4200.121818976846 2736.3618181361057 2496.2318578839304 2148.289608900723 
5255.770637049393 4637.348192223021 7932.16902677178 6134.77890260541 4674.220553211145 6117.714704901695 5902.58606787064 5558.907472404133 7523.769395087479 10433.449620818434 8598.329500123904 11560.339802063212 11250.754068823204 15490.667239078306 20267.182275035 44164.79959829748 55707.107383848925 97655.23283676231 572268.3676053586 118893.38025337447 36931.815599544185 8364.948952025932 6383.810264641697 5845.8690514768905 8139.272188868097 13799.657257038103 10638.749225061032 8922.735869301612 11207.23445308432 8763.239516750053 7946.939514839457 7082.009725901635 7282.8109200501 8340.465737391143 5815.469129642392 6585.8921494281685 6103.436506610216 4828.98009828355 3917.5076151874455 3570.5010019217225 4042.0586948265454 3896.000951225296 3908.124993565576 2818.107891042399 1710.846320442551 1575.0485730037358 1703.7649235832353 1860.355485681284 2032.7527558726272 2261.684128837235 2104.086848596892 2751.2878650063176 2505.071239024735 2472.2204177905965 1751.1591768455962 1392.7351727759965 1789.5540988554505 1812.6261296789264 1738.9442786985405 2110.1455282249462 2514.184471224204 2640.718041899238 2431.2032100120023 2500.2491484450593 2623.694183299271 3010.851202584954 3713.22317108645 3195.1168198909127 3355.8994018683265 3353.4814719234123 2284.822182674224 2446.332687173547 2888.6379978913023 3353.8181426269616 3601.068566756518 2883.6123051398718 3222.756725091173 2533.6890137544506 2643.162175471236 3219.116714110986 2764.2459668728097 2908.0502563814707 
4933.192129583059 3398.107068008608 6558.396561159904 5231.984424863113 4301.296232298253 5208.528216840952 5385.6890438470455 5149.3745263082465 6592.20904376718 10401.583339302108 8623.043125123246 9574.717504890912 12127.432665875333 17143.242177749657 16807.904820602696 23005.195284819336 24594.162114954335 31140.291329186668 118893.38025337447 625596.8582136186 91990.75443440319 9570.215993668879 7549.979887652446 6612.416940939275 9248.05758888576 13114.157621531278 11234.6484945009 9280.168269296957 10343.321960898453 8131.413683225668 7699.400096994284 7872.838621117303 5297.925090309542 9933.745390124926 5522.018943116942 6009.104198891045 6397.754983039368 5157.754681921159 5109.646627356269 3180.908875235561 5172.173197230017 5549.506348396782 5334.4996800961935 3395.7401578905797 1435.7326980345024 1476.781834020069 1950.9893086022569 2272.3804286730865 2386.237453912441 3001.070502699083 2545.808733080244 3898.0935195876823 2571.062504851452 3546.640034727216 2163.371264472769 1177.4061389121305 2288.8346251519874 2055.4414961430907 2020.421547352832 2956.0228719734137 3109.638324348778 3399.9494744394965 3172.722658536926 2999.860976444923 3662.139795077924 2606.6540220945367 3738.11276422789 3573.7794389768133 4116.783533020352 3780.08619771158 2272.6053113508415 2378.9483144969245 4103.091043188843 3471.3628720623074 3718.7487425176637 2703.985076205028 2355.552350739722 2504.320579350219 2874.3444929077514 3089.0839062477576 2904.918852160802 2791.738050799091 
1655.9115528008522 1724.1867736865977 4131.532438980898 3100.2066266569277 1274.9574692059987 2002.7779309368673 1747.2878438974542 1546.6703684046936 3085.2885566026857 3783.9633872241548 3401.728055221035 10509.686509591676 5001.526451923427 7422.278894849565 13409.7729145154 11697.087570985013 7762.058559295251 10550.682221299136 36931.815599544185 91990.75443440319 671979.8309948411 134503.8016206133 27706.434524363416 20993.552266306637 20450.29620246803 16553.96506388762 3392.792295798422 2839.662135965083 6057.96517850353 6472.362356933421 7462.575505126587 8047.370727116251 9286.497358826822 3110.14175999376 2873.9930194849403 3799.752863521768 4205.706452814913 5098.140401568221 4044.560742876951 5877.881555485312 3529.574897823509 2595.788819605501 3255.5980361218167 4600.307916677088 5223.660024944581 4887.310012248699 4061.8421854855333 3346.613491195702 3254.062137762806 2677.9710161111634 2511.831401191206 1934.2309874008922 3714.7036295671737 2499.839980052594 3863.536342083263 4474.822976395304 3020.1494583343165 2976.1280630122847 3853.2523072203153 3134.886355705483 2739.6597954451536 2317.233232029995 2007.873265292356 3171.211234575477 2337.9395037717204 4739.677122189905 2657.856551374737 861.1253271507043 1228.9931755121252 4247.121972538016 5362.356863482868 4278.394063969693 1768.3756973105071 2731.301905591375 1515.0408766864882 927.9066699034697 1861.332048703378 797.6956252719826 700.5351480162661 2556.3682902797796 2486.3198608777166 2949.7271848022992 
967.5645846932539 719.2102481450669 2343.0012772617674 1997.054201022588 869.5317758129485 1363.102072503971 1139.373197322081 1082.238122813974 1796.2254055103758 2032.13960440441 2014.7037513614014 5908.322090865106 2634.861355423669 3697.369681943244 7014.4268039445 4909.195892465496 3199.378751775456 4207.398730135591 8364.948952025932 9570.215993668879 134503.8016206133 711424.0728993065 149860.46207739538 46662.043071079235 26302.860218873248 12451.580633960897 2166.940158502612 1924.0991903960712 3461.748140874033 4126.742849246505 5311.242096821237 6236.1958274554545 6580.673798490273 1801.5360733341363 1902.977331529364 2398.5387967646134 2907.083664486671 3639.567271468293 3250.6209539569986 5176.138180808793 2537.1997268415125 1860.6282221304837 2464.69565829153 4459.710118206366 6718.643747748223 7027.663107734832 4992.550303831409 3454.339341814545 3358.8268277690013 2364.548694241455 2199.8792485216272 1525.2376451161026 3586.9441530896693 2243.980091054285 4217.971652482814 6119.512062091505 3582.5270562959986 3186.31529094696 4514.600218700145 2828.2287624420537 2287.8287244945186 1627.4108229825179 1480.4303501945105 2728.876045347956 1906.4656523244369 3874.306257973274 1523.2898397003748 537.7376756156629 697.6939969584532 3184.9349591861096 5411.923414014374 3804.1290291010328 1149.8700213745378 1642.3906032069358 791.577003166562 549.202539749018 1029.7011661038111 482.13093213569823 440.5754916226519 1473.7725190623044 1752.8154089483817 2063.9381903079316 
1107.7900032055934 1013.1411572908642 2176.4898114222747 1674.7514329387745 781.6678706238406 1215.5228581709277 1103.355146090011 985.0288166407788 1746.8151362328015 2080.436731395295 1923.0703735024315 5133.264315971495 2689.7802021045227 3822.1959165966036 6059.592953442761 4304.724811124745 2955.9066426279655 3587.390508522247 6383.810264641697 7549.979887652446 27706.434524363416 149860.46207739538 686444.1424605174 176598.6505879156 32809.8064080952 13373.953290330148 2827.986907675903 2200.772670714753 3741.3389133439237 4174.499518909192 4879.939940443262 6220.870386625889 5592.934753098777 2027.3067204040715 1884.4812298797756 2423.5017491526532 2987.8261661833985 3729.234834537743 3458.7161877210788 4698.3814768346165 2789.720920130725 2252.8729390560134 2904.8018599381853 4404.417271881352 5678.680006395298 6617.373465017453 5261.840733515577 4051.1159487012646 3525.2079528438458 2812.9272258650217 2679.0081501375907 1980.2558794716915 3712.695432783152 2709.0166939992955 4228.490620941139 5326.538668953853 3918.3257603157467 3604.206236237418 4657.664365455588 3055.2533951378205 2415.890805672731 1877.8918422919664 1795.1767325872747 2918.823617873719 2013.4023537685594 3491.4252927809457 1502.8980094456372 563.3549381443623 803.4200092089582 2946.0970377184076 4799.636226351706 3190.6472054324886 1313.6526584769124 1534.8135214501517 831.0049621678319 587.2373702546292 923.751092532096 474.502277449804 444.39106923275415 1489.8204742069302 1569.427632191943 1947.2917256753376 
1013.5793847350968 881.7521742167668 2185.8302295957837 1703.0085036329535 798.4854016656091 1232.3338199294167 1061.1687224547748 993.5362044081243 1713.4152715551193 2049.4749722478714 1794.3048138342856 5165.554604823822 2591.1656546350437 3753.708294849846 6118.576507745968 4327.188798520022 2916.825535738056 3426.09743668844 5845.8690514768905 6612.416940939275 20993.552266306637 46662.043071079235 176598.6505879156 736846.6797464228 80356.01784534901 18803.66524826369 3410.937574830518 2594.442229740784 4310.942618505003 4785.310430734969 5689.556830369451 7055.455833563228 6406.282456219759 2215.4084070461768 2047.0082365095145 2640.2782780134758 3371.1062958705693 4063.7352262850454 3670.924828874849 5156.647781413877 2994.160627139078 2260.215830919156 3101.4590368710788 4473.37595570968 5970.524172210985 6868.733299434789 5261.173571445922 3954.4473771594508 3680.500136149299 2634.934341796895 2401.096126358154 1995.5611389741796 3943.921424333266 2716.0574515335857 4098.973263877932 5262.502359785045 4050.345057147736 3749.507935246453 4539.356427716108 3080.0971185120375 2486.8186312782022 1914.2404679438946 1804.934400798741 2849.326180626554 2154.648171443591 3530.2431602900256 1562.512787969067 588.4927056647292 739.7374757822112 3085.790897317223 5013.533647858578 3276.0520960663366 1283.4019555187485 1485.9274051346638 889.6679280245265 607.776757692243 1048.1477081767987 533.5315107103703 460.7154959224555 1518.545600028826 1744.095201440326 2057.0189735179083 
1500.4712461401007 1585.4600387538164 3435.762102181453 2682.778503683779 1161.1394870946517 1866.5349076716886 1545.4201997341347 1214.883974443371 2496.0613534924214 3197.2410418235354 2820.347617693716 7465.4422304139 4023.3013086374904 5635.611161015447 8312.483479072975 6436.24027860674 4063.653736110858 4848.954271081579 8139.272188868097 9248.05758888576 20450.29620246803 26302.860218873248 32809.8064080952 80356.01784534901 706320.9804857529 125389.33433393032 6475.75568221292 4885.4801439440225 8543.98521362247 8790.688522232662 10026.845077200576 12002.505217336538 9912.581395477548 3539.562121506095 3241.9695801154553 4302.777958675463 5223.263595741141 5935.17151630778 5089.44796159925 6593.592990621376 4275.320755857721 3381.6506715196356 4179.126727197334 5188.702718740178 5739.4112388909825 5857.656729980785 5170.006211370345 4354.659196366138 4243.458799834332 3545.059988233679 3085.3690324212776 2606.125774592399 4438.064704587399 3395.924139985549 4287.8824884078995 4750.0467960679625 4348.653348311054 4121.680055518334 4599.824188421565 3903.764091160286 3498.8159880107205 2696.906867878391 2477.347930872834 3909.944277672972 3293.509845779923 4888.034548106675 2300.5708349150136 1033.176659145938 1274.085444706561 4179.700228010864 5918.691796268153 4122.329695191053 1992.6338649610232 2448.2245398675905 1460.3125796011625 935.4942518549658 1707.6820115069204 815.47175992998 759.868729299456 2440.2349084054713 2519.3610334230275 2841.314033231973 
3570.805579152417 3271.4579627761145 7684.751858836204 5318.388255911496 2523.0541916209936 4877.913100846775 3512.427659033329 2637.805414390035 5728.988591798915 6877.346336745367 4964.072632267334 10564.313630635763 6550.742830527503 8127.984733850167 11705.90928506193 11542.635926631625 7918.857145136444 9196.0174391545 13799.657257038103 13114.157621531278 16553.96506388762 12451.580633960897 13373.953290330148 18803.66524826369 125389.33433393032 599141.2662715706 47183.09327218616 21592.64722600674 35553.73829233266 24219.1265934335 18540.30768787365 17204.095625291022 14377.396842013604 7947.206286057755 6017.51946546788 8443.928280165343 8625.317830955386 7670.154138538187 5751.810769393668 6228.086831660261 5153.743561880142 3981.5721274848106 4830.177830102404 4657.086667542674 3548.157608838686 3470.6440026014525 3372.5270206911473 3306.294265625131 3673.441654896165 3326.4924678401003 3126.318081625015 2988.47531901533 4251.51223203305 3270.0776805590276 3243.9150888866347 2975.934887266401 3226.927105464462 3043.3113002084083 3334.098235465801 3482.324325820418 3580.8362371651688 3261.2732549930265 3100.8146736008985 4275.325834969682 3486.1186527557456 5656.969258895885 4220.368761074719 2229.202781026556 2907.576386608587 5948.939543295031 4928.254221053062 3994.77992675533 3044.8457579705782 3963.063046668871 3021.6024551081796 2140.381830400409 3227.432553869184 1835.592203813978 1980.8758731500213 4312.361980535573 3745.5567898749946 4270.662501571126 
