417675.7060038632 94557.77944292776 22647.66224257907 18618.989010870308 12223.518266966064 9139.4421255095 6104.169260498757 4605.836142030657 4285.09453774011 4634.441905406434 1980.9703088127183 959.4758537209912 750.440639057692 735.5219268972415 636.1357695262075 651.4645873854172 611.419546852559 1214.543560438045 1189.986931602269 760.9915156064542 869.9127413164821 1087.4786947813388 1267.4304199534731 1551.131798136009 1256.862999124655 808.6160769526509 611.9246321948361 626.2031674730019 1115.1797882819292 1248.431817191958 1640.7002771015282 1483.9958122638127 1450.6974432488018 485.6426983417568 886.2149611745482 662.398133926041 585.292021169853 1202.4854389862442 951.7277347107251 954.8185530347924 629.7619953622844 944.8251257288719 839.9781320899416 1030.2375231849464 1361.025059169193 671.4049507257853 914.3956116391123 1154.159677753387 657.9772045020806 879.6682274618064 778.6281242614094 366.152091032808 375.37514727793905 460.52768372920224 1019.9611118990352 844.3699507838348 1279.9849679347321 1927.3180164671228 1477.7056136529318 1828.3961234709575 1869.61721252209 2483.3784517910294 1948.7219839219233 816.6270687312622 408.821516363483 217.29653857856223 472.46318413120116 349.39957828535063 178.45769714130535 217.47320213782888 157.95384608945187 352.9513470932572 635.5079796587787 451.1433194369555 354.96844370913306 442.58120751290187 322.59252105382467 221.3600472877745 313.2512859867883 580.2517565170534 400.87913103609037 169.01969047206978 163.58069404670968 137.89430077877688 138.3757850071975 361.2595148164809 308.3957678396007 174.2704425185587 122.00956676374747 141.90464990009312 188.21098999695602 314.00742695601923 642.8707458796102 803.7268350197282 621.8980043273023 418.4324065741937 364.01231525953756 112.46441902823787 73.52232607912194 97.90327318511692 86.74405667677946 100.92997552570642 108.60866711965076 112.28626691803869 99.06653519553775 82.23025413206979 79.97856554384516 103.97047436277477 115.37060743533883 102.42958961831268 86.35826889845295 202.48507386096412 747.7468561777698 1217.6851546491832 1421.7414074739443 1023.4658437761814 703.6861759756969 803.6948858033743 780.5671691686189 801.5019101751685 522.7211314706334 306.31306068318537 535.2355784411053 304.88616904206987 281.7468210653865 212.32414801729936 125.67511030830599 213.6446012539385 434.98145072212924 490.5799970753124 272.0241895103011 102.54733608342615 138.34211561033948 150.74830140106678 146.87414785690797 172.5022745768199 158.29837793405645 140.1542578800132 118.70748770893007 124.13356051018567 251.73359266839296 379.32901787237955 450.44748256869724 202.90365830076396 213.40461241195885 160.22817456511032 308.3010245052117 486.2222694251283 772.8342394058652 806.4785724247962 922.7632956659925 521.0183713057165 475.0446137348768 728.422227521154 1280.21927813544 1234.5381094615275 2705.034239327741 2839.0718879249566 5834.034740389105 
94557.77944292776 301779.88225349376 105318.26860268306 40215.955688967064 17544.055725527996 11176.420228713387 7682.003741371193 4578.165628221293 4712.018016443384 4475.609093446992 3054.7737836378533 1965.9825817345256 1648.4475293550595 1385.2682185867925 1287.2154991752418 1183.935633145535 1248.614541876337 1489.366279028578 1248.700168288931 898.8379673088832 876.6815073874373 1001.7055906088098 894.9260959599784 1047.5993905360792 986.5486120354059 814.0735647612181 853.7148352788073 907.5283954750593 951.1237453677123 1007.6585842478116 1670.1409029603017 1555.6267002597988 1327.3867957687132 791.2497911741999 975.9905855428938 1030.6014641961826 874.6031377859795 1217.7672727855474 1212.9615081445208 1060.4248017457114 905.1164553128918 914.5989031841533 834.2387134235015 850.3004113011427 986.1215414805818 804.9466975555237 861.0039687460418 924.1607537976724 630.9844422411297 766.5435226455726 828.9322574125442 650.2695062799753 692.9221660538738 711.3494510945133 1022.6973725687077 1141.43158197618 1404.172335331281 1803.7010259976028 1427.913784028468 1512.327155627384 1571.334310511364 2131.9213669737005 2194.7936146555444 1928.59176185897 803.0184650057164 620.4131197984801 659.1760478860384 593.0550074587626 378.69922743100983 420.8499237305759 374.2719422011023 748.9864803035921 629.4585088031881 377.7997541514211 350.0759607666689 401.7402185301581 383.12191242797394 321.74034102605 394.11479193942347 545.0361386550313 444.64044900597577 239.9917020887062 225.0771057320084 169.2848610461199 194.14394445431418 350.51808390363607 279.6416559711569 213.17340100372223 194.29540162262236 180.25459422140904 229.6638493463449 301.91012562406723 514.8637246739579 585.6187381936182 455.01575450342057 381.03660053267635 306.97705329369654 138.90793163943704 154.8614745566079 133.6620557293992 118.66102502915903 126.98430328692274 123.41743861939005 119.9131356995325 126.47276826856294 113.10063718531111 104.80130516711566 107.34991943969244 132.99761604616995 117.32633509391152 176.8679817037618 292.96836525279645 589.0279178009533 962.760270706143 982.2610761232532 745.8924489979075 661.5991674122722 588.5264081596324 546.1153340101444 484.73828961204117 418.3822586513247 318.66606808837633 415.6063113722405 303.7280428309559 241.9018028229783 227.9705134450984 173.17599393956803 229.90032357377814 311.48603350680565 327.10641332456936 193.9389608283675 136.0077120936391 103.48523335840463 134.0481790652812 147.8308995069135 163.32913351331254 160.01160948653697 173.2427562526561 146.30861479884908 165.8731589516691 206.84341514585915 327.098334904648 305.1876460593757 188.46725926727464 260.87283119856863 242.24147365026107 413.920491203806 574.0112435873435 648.480443373906 702.3513036007872 802.0981627452869 679.6721556979574 774.7671469220551 1040.21596492294 1478.9928580985954 2136.0079700165993 2759.5922981510594 2443.26828055549 3686.5292589237274 
22647.66224257907 105318.26860268306 291611.8494611204 109641.58192074427 22521.910302640383 12743.911545202702 7208.818293633866 4994.2964412731235 5292.022600164684 4471.8091222929115 3904.676813999449 2614.4186810204455 2110.3642466581414 1806.4575529350516 1670.4297799554718 1549.7811876629887 1570.065012665812 1622.408892267741 1394.270588205016 1149.6969336508218 986.3891106020874 996.2791677289284 772.0526157556515 925.5320705241753 956.6030944781992 888.1040225652506 1073.4046272471576 989.3394289452833 964.205641034261 911.9280231893588 1791.542271035902 1584.5597466269414 1230.0056257850501 993.8916487408899 1057.8913185247523 1232.0392098529549 1213.5484242823238 1149.5783790671633 1362.4378162910887 1196.807294238322 1233.474257916731 1107.3152248836998 876.2422225107624 840.7720654957709 1005.674931885471 1077.0789222123585 961.6955216771357 800.557073041975 805.880304892912 867.9088919325034 937.754598120854 941.1626578551189 946.1507677125609 983.1372776871908 1090.4679809090267 1514.310938581109 1578.2838109604843 1515.4411331293104 1345.2540726852067 1231.226238942472 1072.4444470996589 1584.324194294589 1812.740697841409 1929.4287919159012 947.8304963126891 762.921357360548 835.2910506336381 842.3807467372873 507.1387443688726 521.3651547323069 320.38294874183424 824.9513749625512 598.46623657092 375.2243991672839 362.09959511922926 429.91569795541517 430.582171371146 400.28839394083235 498.8892528136215 528.3249662304673 472.7687512522817 385.273554148786 278.06895991081007 249.5223039562973 253.71317020247912 297.18465932800933 265.2524519095712 245.26269036682675 256.5553000353961 247.60573207658234 309.1342686389894 364.2615123605107 451.47715079547186 452.52808774496134 448.5799682771368 360.0362337169781 276.02124419441947 170.6227938629888 150.88615935860432 160.83315857962066 150.4247774527584 125.86462344456777 118.76455894418511 109.47853065225434 164.62624429798046 99.4564453934131 142.36185705241766 142.70330832448067 141.48407909931007 175.21201662207554 282.07423255989045 394.7979502566518 540.7884867170397 767.2907962128498 779.9862060037404 632.0839766801611 644.4721911996725 477.7110147488937 477.9772815399156 420.62544220744996 404.7005801766229 355.79548461462815 364.29544579764587 281.8780765143608 215.05371350752745 227.08919702617445 203.49715190958747 212.5242141468167 291.47845286633736 236.02337675667627 219.58756418953936 112.2173452039017 141.9562710755671 172.15358916625271 223.98391051643318 213.94214422414615 192.20922631946007 214.18059234198398 197.13102165961345 212.5150692101908 274.9345864128565 329.76284788660075 312.4711895982572 287.1456823220208 301.18936818402165 313.36891950959506 542.0526666261877 701.104438861607 651.6546390839973 753.0248449048051 803.298135981128 943.0735358025478 1157.1713199910357 1305.0102142599517 1608.9840348467042 2652.4887547299622 2252.270464662482 1790.0005838176664 2338.4979952091385 
18618.989010870308 40215.955688967064 109641.58192074427 317520.74736541347 66979.83625613723 25065.260899408328 9410.13160970087 6618.6640900033335 6171.5375535734665 5835.262933231764 2559.042540461413 1175.9480479343433 866.3971274616007 793.9926901521537 673.8009564070718 666.3568779135394 692.6793414685447 1129.7929028474493 1015.4998000568779 741.946194622038 735.3083470547608 940.057137447983 1033.5662292360619 1239.296930074481 1064.1483202628328 696.2077221488393 582.1592440454918 589.050873845632 980.995672567935 1076.8810130177615 1924.623606000196 1611.7463527515076 1498.7478102056825 582.4855161387685 880.0940359461018 730.9394814191761 723.6620308218103 1163.3647516839735 1012.0523830276879 1013.2357466134717 670.5138747662274 951.6195916181141 884.8448313286533 1033.9211814753733 1140.0173376323141 791.6837428164571 919.9887756021635 940.5625826519926 643.2391583527367 779.513180304419 702.9087149899572 427.4861202977176 396.88270248600895 495.31955828343655 872.7171759944741 981.55762033109 1579.1845035236474 2241.604790727585 1726.2120113943738 1963.4177774828236 1913.7761795980039 2446.291445440904 1922.8328277989708 842.0528000258881 385.1310662726257 203.38393153233238 349.00443975612666 307.83456438135295 142.11737752477245 165.838144369248 106.1744218661987 268.1439273294972 467.3242315645713 384.72818395432597 289.03773371918936 317.9904236117425 286.4369499139636 228.06817928731206 312.6200230883651 520.0281027597854 372.84607961703904 178.09563330827277 140.72361437356076 117.33226698889818 143.3546529521388 284.9806559245796 248.7805256380215 169.23097058939263 113.50521988493564 133.62080139465036 194.2390563058689 255.66305077722663 557.5857429105592 693.3807957726884 527.5139286308643 413.82742475339245 272.0433896055363 82.52387174717998 84.01247296375949 85.59306437026804 93.57960227191005 84.34628815041852 83.3033053302374 83.7827146943177 98.61634163156451 62.35621703092625 108.45310729225234 77.0970984105846 71.72275597533846 94.15945262725589 128.51985519124412 203.3684692993991 652.4101519735497 1150.6394586904598 1214.2414224462593 925.4799292617829 665.7020200223507 675.7460933191489 636.6575677428134 640.0652506197109 432.1862636810397 254.64289073236912 405.68311579362086 253.9552964800508 214.7541336298518 181.4518342962887 123.02996338364663 213.62986812489817 354.9970340537669 298.52429561356774 212.95172241772428 108.31262622511943 96.73597134822072 129.91586706023588 150.31377622661884 122.04840698686655 132.28855480668489 127.53684513446412 118.49223082240921 123.72340793624134 182.66828987666145 310.12716617129945 333.9903690445596 184.81665292863659 213.65526806655137 187.0819145484718 305.51756260807184 500.397043318933 705.0293718890681 796.7093489807545 894.7480863274305 601.3181832922425 591.6767971241597 828.3070137093737 1380.1296314726726 1682.9485253895893 2492.3834720018153 2156.7430166365484 3033.277640756674 
12223.518266966064 17544.055725527996 22521.910302640383 66979.83625613723 344210.8059931592 112181.26050132429 16863.271683951563 8171.741032383482 6768.329227325026 5738.821610470326 1944.4169769779112 829.3992192895203 731.7949108713022 612.9978485017932 552.5395376624036 528.3983067631248 503.1033463162003 970.1077275379087 954.3366239104803 621.8265902362909 702.7096633880858 986.3300646309035 1248.5936644984681 1436.2167588507007 1080.165397762375 638.0854082042974 529.6119661876704 478.32346943050254 992.4321501135901 1127.4770257334305 1866.333179351174 1473.756011341341 1354.989427875383 512.3999582556569 812.8323450662123 606.3859279714264 497.3854272340035 1182.8328742082633 927.2949767226785 808.2752873622006 507.9935084876282 814.9595038650834 750.5784287469354 985.0347558140054 1339.3983858302938 636.7602699169188 879.2814505474076 1026.7413561798983 586.9464791017217 773.9505465973363 625.6745990970016 306.414592817071 276.5529371313129 332.62203572499504 767.3018936022901 731.9090165335354 1280.338187219198 2394.7019258357677 1760.618181499835 2489.049537787899 2657.7156246838576 3059.103431862972 1772.4823811922968 611.1362484482171 255.72794910911844 156.25177329495156 313.79451875213863 203.99668093083602 115.17912813537458 115.00919807001976 95.78533988167507 190.94467392918955 488.22993428574466 373.7260214826947 265.5304248378958 281.04286258961156 220.28128176005032 172.93319426798885 197.55819123776837 477.18751872885616 330.65390062569367 143.49414375862673 110.7219559312568 92.08441628815662 108.46267607228432 275.4671453091637 218.91218192917157 116.7792897844781 83.48107613482362 103.14226810369613 124.40112697971098 208.41929475096043 579.3187665596199 803.7045931906462 504.1055316391926 362.0900043391198 253.36973680310808 80.34285446933187 61.387684373832855 64.42391352792761 61.593055039820165 70.72612059576053 69.1698835480653 72.09095311059772 78.56904443611408 50.97365670591983 78.57622933863735 81.69742032352123 66.72013545271325 71.43188528293543 93.49866502011542 155.4584891729805 629.8909706023093 1423.1750231984388 1559.3264041275968 1139.5438546663554 723.234565924546 745.4756738094279 763.539373019127 710.8465646889584 463.2928839725386 226.66327102538912 421.1140424050413 221.21789598711808 219.75424661375502 153.65297722275557 102.38898074670244 205.5437459033226 345.7332456007211 346.32574810575204 220.94526250750604 75.48699871409784 72.1932250174296 111.69868126661196 105.89012660657453 123.00496760085029 115.93828334902736 98.46414537790167 87.89379691711878 106.95214636295253 155.08371388859214 312.7672019835417 354.5829046955474 168.70198557216102 149.31431171554576 136.30597666355928 215.00157812924098 399.7749373586089 617.8073892087004 645.6016837406587 828.9831626599197 409.9281911469262 360.71628194143415 503.1979579312552 1057.6169708265966 959.9443306304378 2325.0841866579653 2143.4724798409675 2758.2027449747357 
9139.4421255095 11176.420228713387 12743.911545202702 25065.260899408328 112181.26050132429 335336.8016460506 58126.6216904268 15536.26991235942 10836.490889436069 7586.516608551671 2615.2884379363727 1018.7104513165061 852.7078198030238 765.8023815978431 683.0512399636264 596.3821089363784 579.8469821175938 1150.4977347410843 1125.5745806036236 709.6896897978988 820.6731069494734 1228.5628717643378 1447.2884301315141 1652.448106613328 1236.8281856133674 791.0173743056819 624.1066117190035 640.37307487351 1186.7229554987655 1340.0866202503767 2106.25698778248 1797.749290040189 1588.0930570837825 580.1281809274606 1014.4263811423922 704.2183633026584 627.6985416830555 1277.160531329363 1067.772492802182 991.9652030682341 617.0692356823401 1045.5830367149986 944.5919074179138 1227.393977707565 1546.6797999550433 861.7857664083157 1045.1266702202354 1142.5391630123977 643.7851026373409 873.5736784840652 793.9055172980346 353.0437802694448 368.6585604604906 418.39948453532594 936.6704425928491 848.7970840282204 1569.4051335968716 2712.081337584366 2352.017582635478 2891.7056965537467 2799.4211575497447 3330.574729400593 2064.679095900287 855.9031142916518 325.3865755136195 228.29301619965162 414.46454570810346 263.48065136485883 142.9652410966197 136.18806630143553 116.91129742172932 262.19083516807626 575.2394403591063 428.8904460597063 347.52084757793904 399.90803388574153 309.88992799595724 226.15126550677107 293.2431752711986 514.0144287695466 381.9609179672212 156.24960174567073 119.34641340636517 114.62980343441826 114.58506469455612 334.84065337221756 277.28912027223015 123.12042828546059 113.09032594547506 139.9867195885791 145.58843731394265 311.3542911507645 756.0620885797349 1006.802905529165 693.2829773966981 425.2562761725688 267.09639212153456 96.0616076161565 90.49631817957055 60.07361599010243 90.52011831241646 82.53062481057901 107.09998395871834 63.71761327329164 104.8735195834324 84.43622150800368 71.92997067585387 66.95231480815279 88.96327162939947 73.48581576343265 105.87293617426575 195.16697670852037 770.6929364145873 1551.2093194880308 1688.6533437530409 1318.9710160041873 901.8159793068533 941.4346828105839 867.6526580572689 842.0072062488514 525.80478107175 283.9354364007811 528.1196023503414 291.7260428074212 227.89683669091244 191.59185385456064 138.55525426510687 205.42722156372437 418.18781614910006 407.7287596092945 230.10483641248163 116.38238018081836 100.24604779692203 124.87773639118346 125.27595036762203 143.09948937303093 127.62185166105564 116.14123243548258 142.20735589454526 127.40210892126746 213.64209278335892 352.1106962399945 438.99770292497067 181.71609007697936 170.5990398711827 163.60536831997098 278.6326548183492 464.0137351414112 745.846996671914 816.5680633091858 921.628560558318 508.65129271283075 477.8805516607176 644.6992041256937 1192.6868311402936 1163.4086236781932 2254.229701654529 2000.129839107463 2510.5837715665775 
6104.169260498757 7682.003741371193 7208.818293633866 9410.13160970087 16863.271683951563 58126.6216904268 351304.54072164383 79996.11854921159 22772.005740829307 11103.491155381835 4424.325942624498 2048.424709425446 1690.9827715250324 1557.6076951529187 1216.8470720474545 1134.0494974993924 1088.1552196327075 1700.1999241806348 1631.0685239184581 1156.9468130071577 1687.335165651447 1992.570792778907 2067.5566424397275 2273.0299821559697 1611.2286962252024 1162.234790855691 1073.279709996676 1111.667118177715 1575.5102036465462 1655.325796039003 2003.9957769058487 1800.0704363482364 1926.1549970255103 689.2827353532027 1340.1799898057088 960.4363752145708 788.1149261264079 1494.263781773946 1488.748682207161 1107.4728805737223 688.6040620519447 1161.440689536523 1033.7247282339636 1370.7136012908722 1692.0518028824258 948.5681140946616 1160.3660336474377 1418.2105372684248 740.2908926118351 1075.871634522601 997.6794999722555 465.42353944794485 457.612896138596 487.9252045321463 1389.8527631473862 970.4021293367443 1580.312365137094 2443.8646710608086 1872.0604300920174 2805.5578787741374 3059.903005568938 3502.051810492049 2693.235505084923 2335.16666466895 698.6189863357555 637.713447372677 786.1789330639979 574.4074450905288 421.6380874266085 409.4496474798467 325.49014822965773 1108.3427415928415 1014.5685749580992 756.9389141743534 564.8161352539774 566.5358495071044 519.0937656551332 292.3082629297006 377.09239846778183 753.40885883057 563.3879439072783 206.6145861283427 197.1091444198738 166.15791860572656 180.0587645497451 502.50589929887536 402.4758661019482 154.07082086951314 170.1332937828543 166.97639651999333 193.08841575288966 350.3860000477412 869.8825286962135 1281.5441892884126 755.1590234642076 566.2343770124767 367.6073417015293 150.94034077223407 142.22915610760384 135.51436832328872 143.16568968863663 121.02964771699254 141.02856873650975 119.19383781779686 163.84363111178752 130.88959309214877 157.58851408843597 116.45827114121481 132.2362898863258 146.0519155630238 153.94994913866674 232.79550078941148 843.0873675389304 1574.9348539864202 1731.431995840189 1521.3490222189866 1394.1419793207795 1097.8638836428574 1040.0467591197746 881.7267408416893 531.5848953738133 382.6238736416904 674.553231431076 399.09633538752337 397.9431947724963 273.9800475630343 190.37443768438146 236.10557612985005 603.1062338595569 676.4541095751588 340.3037171414676 128.14255425719176 123.6056442073031 140.01921558599756 163.29884312355398 173.42865509975974 209.90564526269213 178.4718675886234 165.99525538434196 127.16306349149521 313.7326499994607 444.2289030359308 543.1082444813115 219.91341407117358 221.50136502894145 203.56734037725536 328.82079461774447 555.8645288852853 851.1775819116591 796.5871445352453 895.0632211640904 530.8489119259406 420.66421189384516 683.5929393195921 1071.1323650390827 968.16418982895 1688.2903155701138 1694.9720604076876 1841.1413505162814 
4605.836142030657 4578.165628221293 4994.2964412731235 6618.6640900033335 8171.741032383482 15536.26991235942 79996.11854921159 311581.1069072464 95514.82822532991 23466.041511892618 7758.777808585027 2229.2085364015356 1727.4402279946253 1707.8816706703517 1185.8160693825062 1122.346219909151 1151.6348286446114 2224.830633154184 2216.053233586223 1516.675511269161 1878.6377518733104 2167.783751645603 2292.4531561708554 2582.135665722679 2213.9194770280287 1367.598767112644 1044.9397064596076 1057.1623569418016 1883.3276441287235 2075.2031564959307 2352.2934553028485 2382.6915225571074 2170.5924847999245 844.8936988905427 1424.333782129073 1044.8914010019598 912.1910352094876 1602.4418409208765 1564.71622707131 1438.1807048111016 950.4921151993889 1539.4435201890083 1359.9063209137803 1581.4117793334497 1938.6205513174657 1247.4414361882534 1593.6018468194786 1745.4283421919085 1121.5367872153156 1430.3486853264255 1164.9595493295596 641.624886920166 567.5026101868635 634.0247970195395 1478.8376275908151 1595.057003191842 2262.1057999211525 2589.401340266423 2266.4092787443738 2202.067718959448 2193.4466223675013 2840.6641590769846 2533.9251665419997 1367.910817560581 592.032145446836 352.93132322377846 727.974697600862 480.1009712076468 290.17746759153005 287.62664702553343 185.01013728562998 551.212300702838 1082.642415550202 871.0935754591328 660.0822088215964 715.7743178600495 583.3061902660353 433.31281142380396 558.6940499023593 978.1015867446444 654.9870783692264 320.5252477592231 243.25790567197245 206.54284187458052 213.42568767886405 612.4511741894393 531.0071687410948 250.87576167126727 202.22954233903437 215.373083248707 289.5067572675996 552.6772784077646 1078.6162528245975 1338.3828040337232 1044.1080948955369 778.4692422207306 529.5045416513997 163.85767326033863 130.05294725141272 139.96030417122583 144.09103534537337 162.1935138648113 154.513818695367 168.05339659463556 175.19142424419553 153.3916235083391 126.08272304020264 156.65573732930773 153.80959325383563 167.96499780909352 194.9115541497159 374.97397397646125 1212.2602125013311 1632.3648011799553 1520.6653276603904 1400.964766858825 1116.7131183870115 1131.628776092204 1145.8880522516927 989.373410926662 719.947438654106 455.8349203976358 812.7121859843022 440.2415705327297 425.5046997396734 313.58657324180194 230.8505908461483 366.4405087454523 742.9572067027414 704.4118404544413 438.2597311558857 187.95446723576052 206.13132974313456 201.40054138677013 237.6875137008432 256.17867586492537 210.81281971775007 230.23159851668908 197.40413951920868 205.4228524826341 350.2650927436612 561.7159596845344 669.6659000467175 319.3942622333598 300.28101636043067 258.2181839508666 457.0814891088937 710.3546160124396 1039.7000243826753 996.753680087628 981.0521678127493 585.1555640831234 499.07403525126597 700.4699858451844 1118.8659694414364 1020.6385912858226 1247.433413630321 1191.0398588904334 1380.191049990236 
4285.09453774011 4712.018016443384 5292.022600164684 6171.5375535734665 6768.329227325026 10836.490889436069 22772.005740829307 95514.82822532991 295457.7655040219 66599.48617333261 15589.835704391402 4177.108958784203 2806.768214907467 2719.2329567443044 1959.2169568438558 1713.7070729416275 1875.6887408516006 3248.8870559231464 3126.305175692781 2242.1888274325843 2140.0848943233027 2419.539109976732 2442.8362340036006 2688.3207663645717 2481.173868754631 1668.5861246652382 1369.7141155253148 1439.304281379505 1836.8702679483913 2038.2638506195983 2722.69261028686 2693.586353221817 2279.053504193102 1150.7953112340172 1491.3986262657472 1415.116068057625 1232.4737555530955 1804.319667365216 1835.1841625996412 1767.1453657887655 1451.0589225060792 1714.9310380414588 1660.5104219343111 1629.8174795335838 1972.1540212445143 1852.6298105134333 1831.6509901031177 1890.9704674314728 1608.3389907657572 1627.8046530984286 1508.8406429064896 1069.2915255524347 979.9097836566956 1117.7624344459662 1658.933168712227 2274.712798887873 2799.095844812246 2771.5009835404458 2507.709882919003 2038.9379430905071 2116.0381630982283 3035.511639516661 2831.4249026296143 1656.2796558929697 803.3990687425593 556.1910195644318 986.7415548682287 672.8819104853209 387.79955952011153 391.3897546649883 296.35456510176067 584.9059888843615 1176.6258426841766 910.5517713121054 764.4263066125309 827.1574549957564 806.6245925645019 666.9048842758502 842.2229631015252 1104.805945383757 809.3635895861961 447.942808313899 391.9493726137062 297.2736616971647 343.1414148202789 618.0220309358793 580.6792903730981 408.3471388823706 296.1652998827112 406.25085592104784 465.48977298623544 788.3341837619791 1229.0691236645343 1291.6738703955814 1142.8444670444592 949.8475362361377 565.4098883317292 245.5894669877184 200.90313652970997 184.66428695405475 164.10515350288324 185.23634367163402 192.00700652996568 177.9044338538053 236.19439593093642 206.34912171326016 214.22289258822644 219.69495867456345 202.00252566857486 223.07179773177398 304.38778573542805 638.3099089520907 1400.1204259205936 1770.2828997302042 1395.8479589273506 1210.0605055696549 1150.3257118425254 956.5345064274212 961.191617001912 914.0389547065183 784.0415927792978 650.6622385164338 788.5230242933106 523.28471723674 417.88382869533854 354.1431018531229 336.9309242945834 483.10666446356777 755.1162982937113 724.5523516570296 454.4370806095137 238.9520121244172 244.8061181864184 288.7829254734224 346.8191815276004 322.66695581309006 298.217728775801 333.2813947575583 312.956902059735 270.0632658516636 459.5714702249491 697.4524057705111 730.686804936951 529.084152905055 422.65847256177193 416.13198251324275 632.6065778993687 977.1121808300289 1093.707922066475 1127.966731643188 1051.16092535869 865.3105985034651 775.3240190019403 930.7355644523229 1208.9577766725665 1202.3948589687293 1241.1817211997814 1112.1827000368369 1191.8515348069463 
4634.441905406434 4475.609093446992 4471.8091222929115 5835.262933231764 5738.821610470326 7586.516608551671 11103.491155381835 23466.041511892618 66599.48617333261 301746.4166755313 60710.53895871859 7488.932119000362 4182.327729154862 4569.9696272497995 2360.562047390957 2027.8730827040047 2475.0777619570695 6155.190955694759 5043.918913203919 2584.2239726479042 2788.255469781932 3366.3469993249796 3197.0269483420357 3401.3987780557504 3203.9117895370036 1957.0279741010663 1206.6387696401976 1295.9286018350829 2560.5795655527627 2748.3508412744936 3301.2692850977946 2972.659007164787 2710.8422460017573 975.7031342795862 1705.9979621646492 1290.8334584681604 1010.2131234097624 2449.6364190443164 1971.9104175417203 2096.742917208344 1222.0052962957677 1753.6776446066913 1538.2874945835222 1591.444264798702 2075.0574371616012 1246.1337183924763 1705.1985976356423 2257.561647932213 1486.9837682314521 2056.0110349798592 1980.3964858764202 1085.2203327427003 922.7761867088924 1179.7138305618435 2442.923962713173 2491.4018983055676 3110.654665714683 3001.156223119005 2116.017917980955 2247.653881241021 2436.6485123580915 4585.377830342513 5181.265588592039 2493.675149135641 919.3818060993292 681.5386414248754 1315.6156081492193 719.34620371206 382.35330272263434 478.5650654488638 260.56112399479446 696.346564399383 2015.7858086065603 1359.2270368925847 1048.0719180331482 1249.154629352071 1057.1816219151224 804.5774525244303 1053.4610875427447 1715.765147959851 1276.7404677577142 542.4950544760917 454.5270417621669 354.81315159338317 430.4211953827108 1025.3593479707235 901.3678357762689 496.45195074042357 336.2683514267509 450.4348378265403 522.2312156583013 1086.40813140075 1652.9827027439683 1717.9215254312894 1506.4970702162668 1336.8252922317283 977.8147506406954 259.14204657760035 189.0029105635882 226.30090505044504 192.68156298202973 228.65228355745967 229.1790459650175 227.2127097912954 276.3728107912635 183.72668641067588 232.4507888564239 225.57188050558892 220.99829228323398 248.72111532900192 319.5716988543688 756.2641066349813 2078.4522493947356 2021.5550486305874 1577.967313671324 1166.9267835017336 825.7024821628745 926.7151761601285 1000.6054816736873 1144.0088191858765 971.3701831101542 569.5282173227388 1092.0169829544852 615.1711836215078 561.5039021588534 403.8816544357305 287.909823786705 511.65321552648453 1001.0364150212579 953.4208569360419 653.5168133801467 232.36333012364184 252.80030037696076 314.57366819274114 399.7686355734975 411.16338042949445 422.88664822097917 329.29569639350797 305.26196056838006 293.81832391011505 520.3914293677757 880.8641523757751 988.7772974450969 474.934669299082 444.1190913094418 406.14202034159206 677.3315793393758 1039.651848228618 1269.0721255176747 1021.300799632625 1121.0822799335233 638.6548650995425 527.2576828408221 820.5539374762308 1210.5793749823804 902.8303236222384 1232.9588862580472 1069.4523797469824 1277.0683821491575 
1980.9703088127183 3054.7737836378533 3904.676813999449 2559.042540461413 1944.4169769779112 2615.2884379363727 4424.325942624498 7758.777808585027 15589.835704391402 60710.53895871859 233957.39758901854 60640.58838072052 24636.64530690131 22696.498502314374 11254.752744897893 9962.814890183734 11340.243156393957 10960.844638784314 7407.08061804812 5645.0828771315155 4572.5067057698425 3509.581128699972 2028.1907746237785 1795.9358879754818 2519.661870285372 3013.836787278312 3264.78116232955 3414.462575761528 2416.2573691964317 1754.7631828498447 1873.4041343604938 2175.8143206033214 1827.47879031798 2010.3596098858934 2152.458347411908 2477.7089748569915 2291.6365784868594 1874.9318189392836 2526.659679116522 2607.6838788291407 2761.776699485106 2052.8459261929065 1463.8606343839863 1000.0429546593147 1096.204671836305 1582.533413266815 1407.367286065735 1356.0938938474662 1728.7697671604121 1935.949963977833 2663.6409472327955 3047.2645876106308 3001.2925664596496 3240.600492579774 2897.6175346620166 3078.243859567446 2426.92662910895 1286.341940964361 1068.4743014638623 781.1584954145661 719.7910812953573 1543.4882717263374 3879.8284298911963 5287.333158971842 3719.0665871521605 2891.5173677476932 3197.816102613358 2955.871410777573 1606.4751583437944 1866.245417570693 1132.14170052256 2515.042033895214 2392.0409825634 1457.9288865882902 1614.7101404081518 1641.2370789463343 1820.465797358128 1730.0789055552693 1849.4512359097002 1601.8313857774497 1682.54553794838 1638.2887222187676 1281.642278231412 1088.4355037395808 1124.0467088375758 1193.2862745237119 1148.158185633651 1200.9216469625057 1135.4434323422977 1144.763314935986 1348.1788463980452 1441.9490392121008 964.750749348958 656.544288936589 986.9822427039464 1160.503623324743 1086.9507295851502 765.4475538518226 702.7296499702354 645.186686952221 606.9032168412556 582.376169060113 608.2105645827104 557.1532961586314 643.4709633074809 558.9107055846819 638.3504924490709 688.4332738683895 752.7180356541066 838.604981059387 1340.4349926766686 1689.6971358969834 1400.2419355926563 676.4485750370039 447.3407323870706 395.69428529628084 437.4041230984702 376.3307234171387 371.81728432848706 412.4471158184294 532.7401988829902 752.52437920406 667.9705682733297 721.353955033724 655.7781216241533 706.1014933762372 714.7986985937993 744.0977949760553 697.9940884459071 638.3053098231821 656.4448491425217 593.6346375437365 515.6139552137871 578.7914313286788 778.4318782029453 851.1582340009624 847.9315309851854 767.6272051713675 775.5849351145965 741.8586982812458 868.1626488797751 839.117532746978 747.3478282720313 976.0188625253235 1079.704165187218 1008.8805850917041 1337.5363943689779 1156.9264459699923 843.7590013341327 671.6249629180819 660.8663491424867 826.6587640816006 951.4611214761446 1084.7214577698103 888.3038752089622 809.135078517158 493.02776269460924 378.64262516382036 399.8551199420783 
959.4758537209912 1965.9825817345256 2614.4186810204455 1175.9480479343433 829.3992192895203 1018.7104513165061 2048.424709425446 2229.2085364015356 4177.108958784203 7488.932119000362 60640.58838072052 238720.50971921603 72756.42120285788 42619.79034108729 25025.99820254443 21412.14996615169 20557.58556457097 7699.5360160384935 4970.606262267781 5345.098102922538 3107.0880364755226 1856.241026327061 747.4776285030273 699.1791643081272 1224.3107422855915 2191.349139580585 4134.694588367603 4254.039774868245 1137.3573665332422 717.1338513555986 868.1095229415135 1202.786991164977 857.1156892555722 2012.0287615894802 1312.2601718797762 2560.2915052641424 2353.149558086745 744.1282544715594 1741.8015953893273 1742.734726409025 2999.7976719421254 1321.4604661214769 856.2006219928945 523.5466010090031 490.48302798502084 1413.316630952689 834.8545049205586 572.5828258598577 1263.8296823794374 931.170343182594 1822.837328790587 3715.5181995877847 4546.131707447938 3630.007937114485 1522.734876150912 2001.2595265046484 1125.1301738828422 395.8345317817221 401.9374379753779 260.66034626403416 203.56103934239636 403.9719763702937 1386.6856010282697 4434.612371533828 6273.743824647307 5662.997193451421 4458.37855828738 5314.096232304738 4045.367411265853 4220.259718782511 3041.2015203828987 5155.048636639365 1386.2673952366717 776.2043021442039 1303.5169559717442 1036.4732682503563 1422.7711410383336 1776.4008668897927 1346.1615038295013 693.3885618880086 962.1631622373244 2024.7435691776918 1811.0964475155693 1631.1723088755302 1479.59476609702 590.7548640566572 603.2326471373882 1353.3231885385262 1765.1085385271992 1533.393775594743 1368.2812322821346 940.957242526078 313.74937268550747 147.48206278625702 377.6775346701638 547.5146636087853 634.2994499971026 1043.359553217313 1294.1957182082624 1170.9113851285451 1113.6852419308375 920.5362122488489 985.8606531232771 945.1518823758443 951.8831738504956 952.6765082037032 1163.3318808913093 1229.1923576163956 1281.260132493574 1481.1749085168374 2061.5424198251603 1522.3551124487296 465.46244359737847 195.58242358380252 114.81021342972363 123.05293232910321 242.3850263751785 164.58011581362916 133.88277495760363 121.21179477549379 202.76795122426205 492.755089767704 242.79772713150606 450.5341678641165 418.3419107827425 606.3904858672092 948.1883790689694 609.1635603467051 280.00139773254307 235.38281709965938 349.2649525121744 622.1495234915836 522.5757062292583 643.0657166430539 718.0500048284352 711.057513605251 788.6912862463736 933.8985050669647 1050.7891201622201 1055.0126804755114 699.872047105022 425.4973332711324 258.13838799134885 790.8644034358304 1034.42495152202 1402.9315741063394 1161.5320330772931 637.8311427390734 300.9801935802988 266.91349567936965 223.57270081991447 612.435653235739 891.4622559332342 735.8276746799581 372.7564835045712 548.4115917768975 183.63407504442566 116.69266230642829 133.21022419313624 
750.440639057692 1648.4475293550595 2110.3642466581414 866.3971274616007 731.7949108713022 852.7078198030238 1690.9827715250324 1727.4402279946253 2806.768214907467 4182.327729154862 24636.64530690131 72756.42120285788 251273.36120729762 66542.8763395183 33037.78784726917 27245.741380568044 23045.515229007233 6782.085233097218 4267.247357176883 4822.965228454259 2885.8688818305172 1718.144677502918 656.7518461559226 629.8942923876072 1082.5131836301684 1948.1969731107868 3949.5192940267443 4046.045418342971 982.0067265536911 629.8848911411196 676.8406086787052 1012.2173633224163 703.1537661390593 1825.20638011981 1244.6288817096445 2529.2456516908696 2424.4709361038276 787.0538195851519 1556.6520473685744 1526.5409566155424 2676.8969733099784 1144.4431017500408 785.9827899059356 415.2253366888223 439.3244848618143 1227.668959845457 719.023915559017 467.3642849249246 989.9935432303555 818.6491846435788 1564.1066912939214 3421.866294400689 4381.899887707457 3195.027315166007 1178.637841123575 1493.8506044770022 875.4380901188202 361.2979159575255 343.5096842413647 215.55165060228558 221.1162882423457 329.42981413144446 1107.1179268004944 3899.501587887111 6625.817461190736 6208.502336135609 4802.1069190935095 6110.369227803375 4871.507841264194 5308.974376893152 3834.0687212099215 5314.106986628262 1247.058125472132 586.2578905848484 1203.0525125464114 891.4694938111926 1219.770468641003 1418.1006747224694 974.2480702684173 478.7366942751536 735.4664845312726 1698.3718744928278 1870.983764692179 1585.7422058023085 1376.600631812425 507.58353924740175 501.7423782501031 1136.575979628469 1786.8778330434616 1397.891365543029 1096.5490207828236 714.5607443852085 271.3359756823892 129.41905750777457 268.5284319647698 385.64130499700406 555.8153155237097 1236.7909996584522 1585.0617454051242 1480.1614262547334 1309.309364307894 1244.6870686157756 1120.8654757668924 1062.5548917552455 1083.9580249425865 1164.6102509413665 1323.2128139034635 1401.063585864271 1522.7930402589202 1684.7285951329327 1934.6950882373906 1082.4093259614606 339.9369522404808 138.60696677431656 99.09776553123315 105.29814706362414 201.01586960480216 141.71895762279632 112.32013187614892 103.41164696022568 143.10972013189274 426.03704215357243 206.66729225984648 398.33122908082856 308.43532605710504 596.1884365648993 946.4336986308198 524.136465403341 198.73573236885977 176.94198140584535 286.74468396084507 617.7936161933819 606.4624642879256 567.0687125652598 681.438529454846 628.171890046606 838.2144235361509 893.1045587563092 1019.6875695536278 956.062940318612 610.6023677963478 346.2071894369029 205.6359794458165 697.3931131445293 856.2068818721443 1209.880232259187 852.7770578116205 455.728754500945 237.68984583812505 238.3195055957504 170.53589266430635 499.07541742364566 674.7949621104015 560.5588618820696 293.29060750623097 469.19932886236467 122.91288783860836 86.52668707659028 99.22919939872637 
