938502.0840717994 112099.58404819743 35228.62507372946 25352.646643328942 14611.744529176662 16558.863498914106 17250.59818570406 9696.79448568703 9488.829148773551 9597.849338835173 7547.645698379002 5507.822177406771 5557.657063133561 4562.815653011424 4497.621702565272 5910.512922754716 5819.8004098182255 5965.876510651468 4844.880433117587 5713.9256576550315 5058.078804072193 5432.798490958374 1709.7009066898001 3541.722062248891 4204.7689205839115 3245.387142869471 2538.3972550704825 2739.773186190039 3097.9341879485705 3821.7501142194037 3829.349413413655 3398.063421517212 2807.1601258180945 3462.1979163724486 3009.4120504746743 3157.7658448549105 2686.6131707355917 4203.622963980243 2820.2965293497914 4301.154531695306 3460.7770622001794 3085.1135296757493 2615.645349188774 2276.031421040225 1978.9137443048855 2694.7211821031024 2890.9611518218744 2377.512067639025 1479.2443575653806 1101.6278875062128 1323.1285896015188 1854.714544348211 1882.0242566851182 1743.2531674203522 2137.5927746221128 2007.8962175226657 1810.1922241384189 1849.1852886983 1927.2896954649211 1976.0910279905868 1854.2091104181663 1715.0031778185692 1609.5826530022632 1668.7216737773863 1548.0626651373834 1173.0303943991275 1109.5012892086756 1174.432690078394 1391.4409930175564 2590.19129840203 3428.0637021158873 2327.4420633083714 2929.352687446861 3462.6241465860426 3419.18991807845 5671.32588677893 4504.228479038378 4905.193194026591 12985.906740049339 
112099.58404819743 826855.2541452415 180845.09749102202 32908.225660170734 26285.46915030764 13887.179558109963 11618.186713978957 15329.445100972305 9432.176516113681 4847.831047251672 3113.3261648942375 2088.4513886908853 2654.5052249398104 1840.5887940859882 1706.148578449559 2659.5113903611864 5279.367203061145 5720.755974293554 5599.761300530325 3864.087625028081 2945.974889770695 2153.0498407755017 513.0222498773875 2076.05827270466 4313.806372320701 5381.113639863465 3489.699589113898 3615.2076976146454 3590.551045580538 1728.3663648514935 1453.2532189493525 2543.123063340552 3019.3631097732678 3308.3796344304433 4310.335302295227 4312.3564418945225 3812.6093866395977 2613.2530468537093 5300.306218599697 4241.17497333393 4731.189770417895 3453.239343245347 2630.6909183606763 3129.9951593473806 2675.649422316772 3218.9518958757308 3429.0497865786856 1510.1529924448448 428.65178469507265 349.18691148427314 386.0629545434208 1036.022314608104 967.4632313401864 1656.3114941887443 2413.8987179299293 2662.8080432651786 1888.932667324034 1222.9935430597013 1456.3659061808771 1832.7126051570613 2552.745384287956 1191.6784193018443 1028.7389773183913 1848.5068283966355 1379.450119821051 784.7573648593511 523.6707615529707 515.9322679553812 871.3963497863441 1261.1168706610217 2687.795475873243 4696.893286232164 4143.032503722492 3167.6044195439977 3714.9430778955034 2993.1689355534213 4274.486701590663 6303.800866966425 7880.590249132757 
35228.62507372946 180845.09749102202 746726.807035901 139152.8831956736 36542.50058792564 24846.22227341779 22660.22452791982 13668.48278190071 10840.08836561593 8588.247010179199 6186.22513102496 4177.038205000591 4578.934237155026 3463.9532859545234 3443.6380133690336 4796.173884309521 6011.564827861328 5992.645746409082 5145.782992988953 4840.587165483091 4093.479453614334 3723.1088831309594 1157.0109620152057 3012.1528559804065 4620.154175225003 4360.574211004682 3076.915428892711 3232.595326893952 3611.226386685885 3311.6432761157703 3049.1373210447464 3357.701446838352 3288.150253550776 3572.5025694343276 3602.504439212648 3795.3890274601963 3464.7239961173805 3874.237532010429 4053.267990188453 4122.334787019518 4068.420704357108 3315.6678255816805 2746.682651005563 2716.9247066360954 2411.644677858106 2751.0931037107157 2939.4307934587728 2164.5106892406548 1008.583466307579 768.20474101394 868.1132897554519 1595.0399807508622 1679.0317687776399 1902.5258985150178 2427.442060276805 2335.4219336446877 1938.999302867094 1689.3861435734143 2075.4367828312916 2200.245714676197 2185.5980736880365 1531.0286092576393 1447.468633840767 1748.9822984650236 1507.111830748534 1169.3200232448683 871.9669097946148 905.6179731112533 1278.4355488964127 1936.8838560638885 2881.0296016237976 3278.4344597591958 3139.8853971373223 3091.6330819755776 3256.3455568166687 3573.390778117668 3523.697940168272 4024.9864393907856 4374.627246554962 
25352.646643328942 32908.225660170734 139152.8831956736 756837.2638167967 147540.94556043862 40497.67668264041 30169.848568956204 14714.629332612905 12142.724158563995 10640.16448367113 7879.59265471643 5650.907242052961 5754.199995907639 4589.704279073075 4636.394814815289 5817.041277799739 6269.207568398642 5758.212936547627 5023.64401952382 5179.864563086874 4433.712786590719 4410.093913313779 1582.3110557196662 3607.908015373707 4658.4987318110225 4121.613395747573 2983.752931054023 3152.8459414237277 3558.0131158344557 3805.844576690653 3525.5211456505876 3419.7942679853077 3072.218390469586 3426.7943637783087 3344.969895042355 3469.5927570357762 3456.693509326093 4227.083210704866 3656.026627602873 4033.712233335212 3651.2063301815215 3399.9917074484347 2827.244257211888 2606.2062410229187 2216.301762250185 2686.2203137739243 2708.796228043536 2332.4296146141105 1510.0354893635051 1294.539203468519 1297.8971821261143 1797.375093393261 1896.207353890042 1995.3079867789031 2209.1577112019313 2154.653637323655 1908.1859394957578 1747.785687738687 2067.4557331740853 2243.8039465757556 2018.049152185626 1690.4196579364157 1587.1513379183998 1759.681655863393 1631.1775181505639 1335.6801852167855 1177.3069550546268 1210.2957174947376 1390.9463952777808 2039.0199600983083 2888.30870712877 2931.828868844208 2940.621314432559 3062.0167568845286 3177.3588759580794 3539.7605568995077 3387.330105863625 3304.5963566224586 3536.4610648748926 
14611.744529176662 26285.46915030764 36542.50058792564 147540.94556043862 809303.7760847728 112438.46227687103 33299.64424056957 28646.60384216275 14302.754152572486 6660.404624267642 3994.7094089388493 2535.7367904168764 2950.5598515483853 2030.069845358117 1879.490015264025 2899.4484116083295 6051.539201387074 6298.522703831788 6471.692180848528 4214.817916632624 3060.189202936474 2353.1696939055364 569.4501921551476 2346.484115917253 4926.087125858073 6093.294091942995 3772.7630744909243 3944.618354424368 3768.8964118491213 1930.8290551686468 1648.354226730202 2809.5837626634593 3131.7123388074633 3610.006047466425 4497.265356472067 4581.835832025516 3863.4901102212048 2727.2728520776145 5561.889022485955 4752.148496444897 5018.249153421812 3646.2416513604912 2764.269372741938 3338.2223130405623 2767.5394467221786 3315.6531246200816 3623.3195218877613 1566.2089412552357 422.1284970440612 391.61194470803684 398.2633191082004 986.9000251498668 993.8666446600768 1719.1673669535598 2594.158880160712 2617.4865392537536 1857.7205436425643 1138.3026234266367 1487.014065398063 1851.3778324974878 2380.4293990918327 1133.6940802486097 1031.0063419763578 1928.1891189424375 1422.4779560552358 760.3721336178174 510.48523129263515 541.1654490748109 938.5249297840937 1255.9704028547212 2778.2931354422653 4684.458604295619 4069.5883108295106 3124.7439169591394 3500.831647341639 2747.9403818600426 3854.9079653158865 5092.109373685149 4568.08661646763 
16558.863498914106 13887.179558109963 24846.22227341779 40497.67668264041 112438.46227687103 671823.5694232852 222270.76500056506 30330.60040618719 20153.641128840256 18368.610158330448 12465.59836013385 7912.043161161205 7275.236769962564 5883.365889496345 5909.038201271163 7533.053220523138 7488.518670346692 6820.528187958779 5403.067231429975 6386.601618292284 5920.555619059288 5709.8091689780385 2069.684012639413 4517.817598201381 5586.446371257891 4274.078025149988 3041.3297139885667 3273.484839004345 4309.522184380828 5965.236300031726 5811.703262958621 4661.630730888718 3468.2470056648517 4031.61626841259 3196.0351383386806 3436.852192223719 3396.288758089955 5507.410035069743 3569.187399161357 4556.854332973151 3571.047384093073 3493.1059153627334 2866.4561354038415 2640.216045194511 2311.1948198328164 2885.8484959708626 2952.928833845849 3121.442880152737 2008.5877839483485 1489.233186276563 1648.2823305952768 2162.83401786293 2727.8217207058347 2144.702405847396 2415.398838403803 2269.4876474840776 1997.1848370541247 2181.1163051344124 2484.419754288712 2640.91815142658 1978.82514344812 2012.1382992053138 1914.0258592725913 1765.485550353205 1712.8933682330237 1486.0469286261236 1412.2560983278283 1488.37450963762 1691.9008155306976 3027.2420689047117 3561.89822579119 2755.542873379457 2765.744994066221 3232.2017535233235 3132.391652634087 4279.571618391023 3172.537328968116 2954.3168581027085 2860.9088971363067 
17250.59818570406 11618.186713978957 22660.22452791982 30169.848568956204 33299.64424056957 222270.76500056506 651875.3067825208 108125.35423434094 32590.559345194393 24811.084427816462 14791.348378511993 8595.172481192685 8176.311130358241 6278.642152659966 6234.234556573574 8346.047005346976 7617.81764277436 7944.905446587084 5741.756216813219 7742.729497646241 6627.726529035488 6185.204821304925 2363.930961453062 4764.853850037108 6070.893625600847 4357.141796951551 2910.9345596610156 3083.866958410727 3998.703188042113 6498.91247280543 6466.73337378295 4954.617929286046 3568.8029160127853 4047.892708764546 3179.469579667357 3232.853685406697 3179.2659688504577 6339.190916167015 2866.8359302220556 4637.672894148709 3805.113221172742 3774.6022338853313 2995.4678875794034 2451.3706433160696 2418.785166897758 3162.2869322715756 3106.9985876012597 3097.404965499139 2102.997845075888 1538.8868143237742 1706.337306211993 2393.2578183860173 3061.2831021238712 2423.7721293840737 2639.703541609305 2059.2284634924717 2003.6189229309664 2241.9149699742698 2536.184857693 2651.234157947956 2002.1860263874937 2227.9138563304627 2154.4400517345284 1623.4594103987254 1818.8250763391147 1548.4994074560573 1402.1223306855575 1517.1381917687256 1756.1067029561254 3306.056007244243 4246.775795583865 2290.6764167446327 2891.172845651161 3538.978947137644 3316.8036924623734 5146.107616988704 3482.1038770416785 2959.373929917798 2764.3440274090326 
9696.79448568703 15329.445100972305 13668.48278190071 14714.629332612905 28646.60384216275 30330.60040618719 108125.35423434094 814684.4976955572 135670.62270657433 18304.84703389999 7184.6141911496225 3617.5507003049242 4062.424724654277 2499.7228542044186 2399.5450884875527 3883.628829666525 8296.620095501425 9189.755020833047 8879.927999416588 5935.292312347225 4020.7206386888397 3071.977286575768 776.2747086323551 3204.2283334179956 7377.695451233992 8199.964847100204 3993.301777451324 3976.303462040828 4030.101758437833 2138.6610237324094 1784.3691423303453 3062.38083137132 3408.880164888829 3389.813544727955 4876.948397931023 4747.677782159967 4263.695646760212 3217.1541694389416 6119.290799531506 5204.097205457414 5643.900049456004 4057.0775379859488 2646.2573195701943 3268.8322795858803 3132.884552670301 3944.230050234327 4491.835764764875 1890.7200165060706 544.9977683575203 410.1053158626961 475.0759510105498 1226.038658315196 1223.7963956376389 2214.4336848226585 3464.7501581340143 2994.399630113649 1989.7655833076535 1324.0181037038226 1489.9611411712142 2335.12158166738 2925.3973167498298 1219.400492614632 1097.69914194578 1881.472511604112 1555.4480636036285 927.2093466143108 601.4506787674733 575.0475890607028 1080.951840992692 1558.3965079539457 3717.1420747251655 6502.385691958286 4675.532456032217 3159.8589235981767 3816.156062936668 2908.5268840614376 3819.9476743492546 6153.782961347281 4917.334622346192 
9488.829148773551 9432.176516113681 10840.08836561593 12142.724158563995 14302.754152572486 20153.641128840256 32590.559345194393 135670.62270657433 730651.5591530929 136824.7233236136 21548.64725187067 8385.86125515099 9737.78184932186 5664.588490065943 5360.628890680294 8738.958072145431 13411.583291421686 12075.61869401772 10489.431489898188 11028.770631470035 8779.087809658718 6338.320474029665 1748.728476870032 6534.55913019383 10612.486799679504 7021.272072844091 3909.4267411392634 4056.654333324921 4723.580205504517 4041.8522100749665 3728.2290354319134 4407.957576989368 4216.782506116052 3839.734267832951 3911.156555486926 3958.398188398585 3989.9888964961565 4208.641562643353 4327.179770456761 4864.968300573819 4254.693074734861 3422.9609166126043 2606.3326695092323 2844.9000117648884 2858.3272475515555 3784.5424069774476 5064.716707971362 3417.5083911382585 1251.817741707055 1078.3902540328093 1140.5029280592526 2782.549062279897 2690.766096083272 3487.5540677342415 4359.383161522845 3389.731540631393 2589.214102693036 2122.74135581269 2443.419191394048 2878.9182809296594 3290.224118340829 2277.7050624256244 1957.9625315494725 2553.549992570528 2340.237942574165 1710.6101868640076 1180.5372562485747 1174.3602059647349 2037.8536775069383 3173.574744132336 5389.979942756109 4403.401886956246 3249.284103971383 2728.326744532144 2937.9218711814638 2884.211858973113 2800.67593611622 3100.447168335427 2860.8995969268803 
9597.849338835173 4847.831047251672 8588.247010179199 10640.16448367113 6660.404624267642 18368.610158330448 24811.084427816462 18304.84703389999 136824.7233236136 607745.8510191716 179453.80047650245 28919.903911184556 25092.498816099676 15886.156207376984 15653.910509438516 22024.810392508894 15166.972338809437 12104.393579985675 8043.0021314723635 15125.201950435136 16694.572191127896 15452.577426971748 5281.740229647276 12133.74569474316 11369.031991267948 4021.6115309905076 3088.1213599257435 2998.0920131473563 4232.741035551191 7882.426755353921 7788.818696050954 5441.1439378178075 3390.146718395935 3439.383512675824 2250.8078616972484 2247.979652308502 2547.0382513568406 4882.408474804223 1970.8141490493126 3300.801173213547 2359.4467517172675 2399.382121673056 2404.030339102077 1876.5724311510703 2149.9321971102627 2618.0266045423773 3882.6125293250716 6635.2169802018725 4392.9145249689045 3257.241032094669 3834.339682306564 6255.774503588749 6628.405541121597 4683.497345228224 3364.5728658579924 2472.8827589116972 2695.0000479433024 3250.3119932698455 3427.245359426226 3163.2670845708926 2483.995550854641 3456.8909859522705 3417.4561356089644 2717.468438401441 3203.4890205322836 3178.233509346849 2987.2115172129743 3084.8654624325623 4002.152718548608 6064.673777808154 5052.088519656985 1573.9569804952635 1488.7213195422764 1812.8483821167456 1636.2674208047235 2359.575335279353 1587.0723791449075 1140.2954301041761 1303.8730656458256 
7547.645698379002 3113.3261648942375 6186.22513102496 7879.59265471643 3994.7094089388493 12465.59836013385 14791.348378511993 7184.6141911496225 21548.64725187067 179453.80047650245 585542.1169229139 143000.3978999282 60216.120257318755 36643.13032801914 33192.412676859196 32873.39607253595 12214.119792098198 8238.40292743437 5195.621492254255 11526.66805588928 16398.1226625754 24540.30482065825 11288.214300277052 14646.185748035603 8697.929019728972 2271.762050801625 1849.9884958772552 1825.528578007046 2912.881722346408 7218.650931792536 7048.8472633313295 4005.764907151658 2085.9942448207194 2142.461678213112 1369.608542812289 1418.3990847729806 1675.5954739523927 3720.541992570303 1201.3300148822393 2502.7796594271194 1348.1351485156697 1580.2492037366592 1525.0350004046134 1082.6222468894462 1365.1088918039584 1491.9892302021944 2369.136383118507 8065.571557974335 8313.595584112505 7017.626995491847 7687.720776073599 7108.132183518246 7580.709091793515 3410.2781963085804 1926.2570638768395 1330.0199272604914 1721.3156055116365 2638.0388522484127 2676.5794254569805 2579.8939686283356 1499.8255789426103 3151.0269199881113 3129.4109864036673 1972.6112348173338 2697.63675931363 3617.2491741422677 4426.895864522831 4430.447519155632 4137.736977670171 4901.827053618419 3083.122156481142 863.289259139183 815.2972564499232 961.0820008738131 886.2268863998758 1558.6657398269813 830.2213136322263 656.4609937378549 801.7410311481655 
5507.822177406771 2088.4513886908853 4177.038205000591 5650.907242052961 2535.7367904168764 7912.043161161205 8595.172481192685 3617.5507003049242 8385.86125515099 28919.903911184556 143000.3978999282 648191.3963362682 136129.6121195276 76510.0830567827 63075.73955703061 35951.96289564073 8905.577571660473 4860.353525751714 3409.563347558845 7200.097085629311 10820.294460997882 32231.70369708638 26654.178791983406 12663.308609937483 5070.895549126302 1257.6431749711462 1061.8620495419195 1197.9441742684664 1667.4224211588355 4981.372136028363 4628.031139714131 2502.006829837166 1207.8475534790741 1175.9121531089872 846.5405877200805 870.0904753512621 989.6128059256564 2493.8028408077107 717.5698000633405 1988.8135189567458 826.8625576137907 836.2804799453246 789.1328702931175 688.2321058834183 688.6312967217863 832.3690030044379 1150.0250924612278 6340.625792025017 13694.662308944926 14182.019064781332 13709.919624957067 5040.442285236114 5501.959522638726 1560.9453829204313 1068.9279801501511 785.3432066615621 1178.482956980258 1811.0106437391503 1934.5164558388701 1603.2080155067933 794.1326050456274 2528.652321604694 2328.17239263368 1066.567401467015 1943.3493211344864 3260.1910809195906 5503.397413151055 5935.902514175425 2933.329582202401 2852.6468831414395 1559.5697275531413 490.56721935606106 491.66618400756494 558.2573033975176 522.2014505027001 844.4813470866163 480.8598583199422 413.3280930843966 541.4310355087372 
5557.657063133561 2654.5052249398104 4578.934237155026 5754.199995907639 2950.5598515483853 7275.236769962564 8176.311130358241 4062.424724654277 9737.78184932186 25092.498816099676 60216.120257318755 136129.6121195276 681663.6989435484 111581.83262610684 65894.58735548466 46035.68164031357 14699.401551770528 7561.02076707138 5170.827158850928 10129.982903921948 14461.522808451364 25042.886360089582 11932.738849650903 14839.106321345917 7437.230514052728 1921.631175621862 1640.6910940395958 1675.4319941338404 2476.353533843841 4928.575861381638 4639.804228821871 3094.448515646036 1652.6075908875393 1628.8612145633253 1070.8956033037236 1128.4615753956095 1467.7072472513837 2755.855736141827 1125.058008945647 2477.9301508935278 1188.4663067341662 1191.7490358541127 1239.1148839861457 1041.4527777035178 1060.0179676384419 1225.6783979928284 1803.345598540119 6893.053536771841 8396.27213822766 7950.800119872067 8440.35785395311 6674.114386643775 5828.389906287948 2632.1530502719556 1580.23994221765 1260.7824019992854 1574.1323380612587 2479.493751885217 2428.1395941451738 2044.8510547377587 1248.9995949051374 2894.1834721911646 2650.658464939803 1747.6617920269418 2794.519520342722 3988.5936505196823 4630.795317825621 5021.585666440426 3794.453405410985 3103.631491461725 2076.258453881722 674.1578825684322 668.3082905228744 765.5946152809274 717.094565795873 977.9895871041186 685.4799559033489 529.1424692965586 702.1860771024543 
4562.815653011424 1840.5887940859882 3463.9532859545234 4589.704279073075 2030.069845358117 5883.365889496345 6278.642152659966 2499.7228542044186 5664.588490065943 15886.156207376984 36643.13032801914 76510.0830567827 111581.83262610684 591095.5893740489 248862.1654625762 74968.9188377535 11831.387708497763 6161.162458104455 3863.239958902304 8197.390041170573 11851.78619010881 28573.582350216362 21921.12752699978 10735.647430201554 4581.534311779623 1169.7522165371386 1135.3151998407423 1144.3354095615841 1688.7059631888067 4476.765115043515 4280.319412926438 2392.3250055330536 1095.7937874562658 1247.3915763850866 731.918699817471 839.6131564218881 951.6887951460127 2499.4251953317917 673.370420431373 1813.6069975207265 814.7310705989795 866.9626516191088 867.3510910120556 710.5721067352163 682.0279564113957 736.3517198356219 1129.6432204051284 5760.694635054838 12223.331275207453 13206.81296881762 12385.552787928966 5052.921672362719 5276.676019041326 1572.225091178696 976.4414586278278 728.9450873456623 1134.2575916460232 1954.9684710763167 1887.1911627881136 1686.6660849914804 771.4992108929055 2493.639433873792 2395.5708305219564 1047.6738813087372 1881.2240310606771 3236.369454748611 5211.384475629706 5464.208071284945 2767.7663573948776 2543.5538701668397 1404.4379500408115 435.15603866347647 447.16396729793667 549.2453413820523 512.5759700581727 705.5115818896311 479.2300683573038 347.5635667051502 468.73991632529356 
4497.621702565272 1706.148578449559 3443.6380133690336 4636.394814815289 1879.490015264025 5909.038201271163 6234.234556573574 2399.5450884875527 5360.628890680294 15653.910509438516 33192.412676859196 63075.73955703061 65894.58735548466 248862.1654625762 602310.4684540306 117534.38386041415 13927.630915917136 7174.495235834172 4598.3902138787325 9123.125164293198 13068.158831650211 29919.450862602127 21728.406580920873 10690.011693914601 4955.118761044391 1245.4699354605866 1181.4217031861606 1171.6942927677235 1717.9696315314413 5028.396394089751 4605.264012195721 2407.487780793908 1197.183797541033 1261.7255690449194 796.0847824862079 797.5990549739955 1041.080757659165 2419.322500102734 679.5675461547745 1714.1702045083266 814.7603962941212 878.1664586093374 813.6955004297562 684.7604829602149 666.5102899529793 781.6496376014336 1118.750766200197 5961.01452875445 12324.095471113053 13026.959649892427 12217.387021852628 5230.030599347209 5546.151133091407 1592.2180885663336 975.19720729152 809.3798535283402 1120.426591779557 1889.828536586256 2060.918670358385 1721.5409376333234 819.0744071553523 2598.2081619809733 2329.281259343897 1095.7950137387268 1936.133496384047 3300.3310459574236 5314.8118946147515 5433.0069802125745 2874.027989091985 2654.6971377718205 1470.723488036607 451.82108985721425 429.770022274674 538.3675435297063 484.71010370070456 789.6622357859128 424.5270232121922 363.0672904607438 504.59780119011594 
5910.512922754716 2659.5113903611864 4796.173884309521 5817.041277799739 2899.4484116083295 7533.053220523138 8346.047005346976 3883.628829666525 8738.958072145431 22024.810392508894 32873.39607253595 35951.96289564073 46035.68164031357 74968.9188377535 117534.38386041415 638670.8277316953 103680.36278442979 21229.194257452655 13533.618348070953 21015.22589351085 25514.37661872578 30458.610389322363 11204.711678336886 13742.170793802805 9064.474283685639 2902.161783670627 2208.7494436938377 2313.1430283500595 3497.428369243549 6721.1598010922835 6354.003870596296 4074.036829064922 2416.064305864495 2441.2375592711 1432.2352607228117 1583.9443051970372 1936.2308926608391 3556.021874579971 1427.0639933513728 2636.2036603311362 1569.0435486974131 1542.8028060203442 1524.9702105423632 1351.3817011537058 1234.169406015619 1567.240920659782 2679.1133258853934 8340.649140793823 7780.738640742961 6629.756029145991 7256.401928536645 6804.092110467895 6981.9457800740365 3173.073932394597 2115.2408723725 1688.1481921713196 2079.3423132551466 2660.07869315432 2943.8592587674425 2537.187369046804 1730.795392177758 3040.3891458019034 2972.6090822080823 2054.0753219248654 2875.2780646685374 3682.841783373973 4182.917206736291 4197.898031072822 3610.8582220354183 4352.985375107909 2774.281574869507 1019.05538939283 794.2128985103387 867.7291108592464 901.8265128073888 1359.5900124781595 815.5423838854225 669.4613460978679 831.0743370388991 
5819.8004098182255 5279.367203061145 6011.564827861328 6269.207568398642 6051.539201387074 7488.518670346692 7617.81764277436 8296.620095501425 13411.583291421686 15166.972338809437 12214.119792098198 8905.577571660473 14699.401551770528 11831.387708497763 13927.630915917136 103680.36278442979 703053.5994547618 161630.91913486645 44363.06252666916 31353.844932318993 23047.357338286718 15199.649328498897 3043.828298895387 10024.749596407677 12243.633085635485 7069.626573446573 4788.099862411215 4719.010899286659 5736.627572114358 4328.777598284735 3620.680851192536 4721.167571362401 4185.634221579474 3972.6516927320863 3474.56229545832 3503.677571370245 3631.562920140786 3475.569724481118 3753.2881166669013 4466.877138498833 3503.672607460887 3004.4203883575556 2840.6446059523614 3008.9238861260155 2798.327783954102 3755.9929216033524 5741.489025152418 5336.037505421834 1769.334504209268 1484.600998635651 1663.833076998962 3949.870208591191 3359.6327164171594 4122.878287612895 4086.255378749171 3775.560450688518 3226.385045057581 2403.96323749584 2703.773211931072 2974.7501506033545 3566.1699517603083 2408.501019909012 2198.5800558962596 3575.564454495902 3173.5559650440955 2325.590627826349 1437.864505360492 1441.3672432493602 2645.3617647384385 3475.3920570637238 4275.509250525034 2816.287361798292 2238.787109631562 2004.5159343299013 2003.9975861339976 1917.103693242488 1901.1861020944696 1705.329070842098 1898.8812324092455 
5965.876510651468 5720.755974293554 5992.645746409082 5758.212936547627 6298.522703831788 6820.528187958779 7944.905446587084 9189.755020833047 12075.61869401772 12104.393579985675 8238.40292743437 4860.353525751714 7561.02076707138 6161.162458104455 7174.495235834172 21229.194257452655 161630.91913486645 719526.8520907079 136796.05119006324 40949.40280635512 21606.63514642672 11408.668501200395 2080.4796155821155 6609.406116972079 10988.139941554422 8260.88410116773 5225.956035554902 5105.777777932174 5446.740354795216 4454.529359724411 4200.6046271503055 4633.93604340891 4479.824662352279 4771.525395647663 4319.082580380291 4093.6483026107144 3620.7341747196506 3987.6536635817256 4089.198166155657 4782.006242405509 4410.320327259457 3623.8595642590735 3202.8287430971814 3248.1194634675962 3307.445198271728 4485.464012325569 6346.167911591883 4007.3756553688804 1229.1952773623796 953.89760495651 1070.564326844204 2831.417002648727 2926.5961066984396 3949.9793437962685 4358.417509998482 3792.477753387281 3053.0104750706487 2252.272161898585 2619.4098431455927 2948.0385931917776 3466.610157134436 2118.449246872774 2023.4326433423114 2946.2771185073875 2668.278586263368 1720.3840614967198 1058.7668837411052 1018.2536267308535 1967.3662430561644 3323.1208138237585 4888.251527695444 3550.874958790941 2697.4506165023536 2441.1581660913916 2452.958331201302 2551.8379151314757 2345.130122394235 2223.6708426944815 2166.5712582269275 
4844.880433117587 5599.761300530325 5145.782992988953 5023.64401952382 6471.692180848528 5403.067231429975 5741.756216813219 8879.927999416588 10489.431489898188 8043.0021314723635 5195.621492254255 3409.563347558845 5170.827158850928 3863.239958902304 4598.3902138787325 13533.618348070953 44363.06252666916 136796.05119006324 850057.0952752798 71747.27012285293 21272.20079464981 10312.431032082879 1992.085951642463 5989.391196447831 10597.928582078162 9222.160762058951 5586.291683184049 5326.339523293595 5543.052016334388 3401.330926031283 2823.089148536594 3980.1852133303523 4119.240322299335 4195.746483142944 4266.017673276402 4352.86629346662 3788.8681650320077 3178.662235490454 4973.348701016542 6116.505832556469 4719.078226665842 3569.7904881991785 3260.5666860299657 3419.003689166798 3323.4711618933397 4291.415574529548 6051.185829163737 3311.177321459576 801.5541774448005 653.664380487485 769.0539520147726 2093.7110116732356 2002.666688458838 3589.638829753752 4514.073397046853 4038.735392662459 2953.405616783716 1885.885026762194 2101.8342384428456 2624.463101430674 3542.559266046836 1716.6447731481617 1637.3408657482576 3095.454748819625 2350.2451466075686 1349.2434648652732 814.4255394789417 812.0672533621605 1545.0212975613088 2244.0954077186125 3905.070286003832 3891.9693071697843 2796.931864074937 2116.6094915632725 2321.5844886208392 1949.9853513513503 2234.4409627999985 2228.0655732945756 2367.538829153696 
5713.9256576550315 3864.087625028081 4840.587165483091 5179.864563086874 4214.817916632624 6386.601618292284 7742.729497646241 5935.292312347225 11028.770631470035 15125.201950435136 11526.66805588928 7200.097085629311 10129.982903921948 8197.390041170573 9123.125164293198 21015.22589351085 31353.844932318993 40949.40280635512 71747.27012285293 742201.836370399 152065.36233516323 29480.21579383877 5110.752058540237 11254.294970724044 13863.846323154175 7461.6216294247615 5181.073440578784 4757.248758854827 5878.759128991752 6436.0622459152655 6154.494399042205 5502.193608620639 4315.829281348768 4552.099741631286 3310.6224454769945 3285.062044008785 3111.6752783531297 4313.713534517794 3104.8153317775505 5483.303877875438 3580.90622713104 3136.5360770272223 3478.822869472677 2813.7695637758397 3107.9344377723714 3842.203563798165 5800.587159705908 5566.52065940606 2546.1095482842156 1865.2264081818128 2279.2551851588164 4500.294106101297 4792.173228742407 5458.918461125122 4701.147549219974 3441.5372465072173 3297.6714574973066 3131.9343872349455 3191.391809169665 3229.225443728352 3114.3007047239375 2697.8101320478354 2670.7074557876435 3318.2627690717572 3221.758424886701 2298.055548610303 1643.4339870848005 1697.228804216434 2751.685424564624 4318.773915352661 4640.508052272802 2233.83619679293 1919.385817316528 1831.0443473356975 1747.3932497048597 2146.768984438003 1674.913603436738 1294.5711487739304 1522.8300725390513 
5058.078804072193 2945.974889770695 4093.479453614334 4433.712786590719 3060.189202936474 5920.555619059288 6627.726529035488 4020.7206386888397 8779.087809658718 16694.572191127896 16398.1226625754 10820.294460997882 14461.522808451364 11851.78619010881 13068.158831650211 25514.37661872578 23047.357338286718 21606.63514642672 21272.20079464981 152065.36233516323 690379.7028887824 147982.60346466125 9013.712336433127 17418.37587844124 14719.98624510325 5511.81394272855 3952.1338593278383 3633.3548069774415 5114.938163248711 6909.1808672061015 6337.016558241402 5211.800178131161 3322.0641959398677 3381.9622226296538 2318.541434325477 2309.035078562265 2450.486822141692 3688.311056896616 2128.7315755040004 3590.923222685974 2282.9550310010454 2278.2511690490396 2393.1172452157784 2120.304550852671 2418.6490948670903 2549.3808703893733 4327.073934525027 7388.537152671022 4085.0451757619176 2980.3116270830933 3379.2518356477535 6896.458511402565 6303.417806642974 5149.913674886522 3292.4302412995053 2612.1170512886047 2864.5179421560415 3049.1799286364844 3216.901241572696 2970.9597862017154 2501.2129340747383 2911.56249198358 2973.850266595031 3220.9424728298413 3376.963801787226 3219.143474909376 2619.5273908439335 2399.076938514587 3585.554510880678 4688.137592121116 3882.679423280874 1498.6472068051114 1139.8730095547928 1201.260719455463 1230.4324989622949 1533.207337779158 1199.0466415933859 908.7650833607745 1092.4951397995474 
5432.798490958374 2153.0498407755017 3723.1088831309594 4410.093913313779 2353.1696939055364 5709.8091689780385 6185.204821304925 3071.977286575768 6338.320474029665 15452.577426971748 24540.30482065825 32231.70369708638 25042.886360089582 28573.582350216362 29919.450862602127 30458.610389322363 15199.649328498897 11408.668501200395 10312.431032082879 29480.21579383877 147982.60346466125 644071.0165107476 130249.86804138335 26449.763134381647 12685.558957645322 3475.4864332954226 2596.7547724896326 2607.7930308637974 3557.4156519213398 7022.763993318031 6542.879613292624 4388.725665255268 2321.0636506874653 2146.8010855538123 1447.5502886895704 1573.96186650896 1908.3027208586607 3424.2887738788418 1432.4589551022807 3332.437596720477 1531.6552435210112 1544.3447663561913 1520.3151355172522 1217.694695992041 1339.722189553273 1508.2173210587987 2735.60234006454 8729.517738105611 10917.30611883813 10592.311656405709 10363.013124214325 7654.034005334868 6953.2188373838135 3129.337598282025 1941.3902072580486 1554.4665464810303 1951.1582528511526 2344.167771306323 2572.7440190775615 2374.3199343394176 1656.0266007454186 3097.349811361724 3033.6582323511157 2236.8194729508805 2876.12080512451 3831.4976744132773 4812.197813322695 5015.695091312383 4198.123214491579 4591.797088899975 2872.96446181454 918.6547227455012 742.8521965759963 853.4845996672854 824.9439850283692 1201.56103099648 753.5851849646801 622.8865362480143 899.5615090809067 
1709.7009066898001 513.0222498773875 1157.0109620152057 1582.3110557196662 569.4501921551476 2069.684012639413 2363.930961453062 776.2747086323551 1748.728476870032 5281.740229647276 11288.214300277052 26654.178791983406 11932.738849650903 21921.12752699978 21728.406580920873 11204.711678336886 3043.828298895387 2080.4796155821155 1992.085951642463 5110.752058540237 9013.712336433127 130249.86804138335 1056766.5031937235 9845.634860320368 3543.5078702666706 974.7788695038163 959.9530582397157 813.1019522652767 981.2364925201844 2902.563156826357 2803.799508847318 1315.9704184053774 650.4719193074296 699.900819428085 370.64944713130086 476.9556727059767 458.02699809912065 1489.9708523682243 376.30362192706315 1152.4014070641704 382.89311383539507 483.1498744590185 445.38160041248136 366.7765643688809 250.02108347330028 410.5994774728095 471.74912243242414 2915.374675687888 9573.340463315128 12730.80221679525 10960.291945541001 2311.912394912018 2848.6080430890656 522.5156317856457 443.19967057923594 257.856613318995 438.4635502705311 905.2541608267051 859.0213660018001 800.8735780201396 331.2598641386001 1522.6265775011902 1397.753525001798 383.46122669846034 1038.0159727993314 1829.5765011948113 3911.5780129391733 4227.906971685937 1371.9676287052318 1339.5018288397957 719.1392286219066 204.87433921724644 216.49747415804066 252.00391177538813 225.59521613309022 399.3797300966105 234.1451189156767 231.95430808232578 240.6198951422229 
3541.722062248891 2076.05827270466 3012.1528559804065 3607.908015373707 2346.484115917253 4517.817598201381 4764.853850037108 3204.2283334179956 6534.55913019383 12133.74569474316 14646.185748035603 12663.308609937483 14839.106321345917 10735.647430201554 10690.011693914601 13742.170793802805 10024.749596407677 6609.406116972079 5989.391196447831 11254.294970724044 17418.37587844124 26449.763134381647 9845.634860320368 826344.9266331785 134905.44442963268 15807.545416444524 9501.681685677919 8438.222221588963 10178.918039601154 12278.926371877864 10352.05889950884 8058.480873662508 5247.445270824873 4347.578704206751 3444.930309072899 3409.9427460336333 4126.795377623787 4883.509342966176 3429.026800636562 5417.43242760611 2940.036390759657 2532.9795067436007 2456.618784737752 2276.734417223956 2272.4506088199555 2645.2789340323807 4870.134327723379 9542.710292593754 6966.459024330157 5860.925760074064 6500.3318169782015 9974.977653634242 7283.718098649026 4643.531207797699 3311.517319307093 2888.742907142048 2926.16868648295 3188.5851619909704 3402.334380108037 3546.079590687367 3101.493846870011 4152.818550162364 3576.7790045259167 3475.0920068000705 4275.775296531269 5073.669754413357 4513.648785929916 4306.2433489489595 5373.282012497195 5053.087339472865 4052.3972099175735 1659.631546481566 1343.3307285091241 1303.5480817104371 1409.4025577783977 1505.6609696132218 1245.9144295337876 1011.2077636503583 1340.4618489117936 
4204.7689205839115 4313.806372320701 4620.154175225003 4658.4987318110225 4926.087125858073 5586.446371257891 6070.893625600847 7377.695451233992 10612.486799679504 11369.031991267948 8697.929019728972 5070.895549126302 7437.230514052728 4581.534311779623 4955.118761044391 9064.474283685639 12243.633085635485 10988.139941554422 10597.928582078162 13863.846323154175 14719.98624510325 12685.558957645322 3543.5078702666706 134905.44442963268 694315.646489812 103416.98697205356 22101.681502068546 17248.032712291955 17640.9539354883 13040.117545430474 10194.318487026261 10138.73025919 7967.5872091380825 7446.038344308871 6548.761336970156 6322.472959588935 6092.630443740859 6251.123309771611 6652.555473474671 7318.280844925613 5976.436541386446 4624.605655112177 4093.9914705260985 4354.9369344015895 4188.2056530817745 5441.626692264575 8896.737601159677 8320.081129207863 3423.4834905726943 2569.324733955238 2941.5140053118785 6301.598406195581 5884.299959221322 6283.00856388424 6191.916973900302 5248.893857311602 4353.7054052787735 3485.608644847762 3884.2373908740105 4712.346362862055 5245.906772936668 3678.1356623071833 3331.2375624154483 4633.753236838542 4615.868463479546 3486.673421693588 2431.451039593418 2345.140580258002 3738.5720823249953 4912.2159782288145 6342.070348384395 4453.786492815645 2953.531219121841 2462.7597214256816 2549.8591990833465 2389.3794436654193 2546.295348841514 2489.622129118098 2613.6251850238164 
3245.387142869471 5381.113639863465 4360.574211004682 4121.613395747573 6093.294091942995 4274.078025149988 4357.141796951551 8199.964847100204 7021.272072844091 4021.6115309905076 2271.762050801625 1257.6431749711462 1921.631175621862 1169.7522165371386 1245.4699354605866 2902.161783670627 7069.626573446573 8260.88410116773 9222.160762058951 7461.6216294247615 5511.81394272855 3475.4864332954226 974.7788695038163 15807.545416444524 103416.98697205356 746173.1602109051 155795.68583863354 39155.80108241275 24019.31476629427 8826.089954920222 6335.034435743396 8733.02409986171 9267.064913573546 10007.368596391043 10062.726445404105 9638.88540032085 7313.350171418978 5439.646301856551 9053.92159923738 7558.702559368861 7910.848060108075 5900.1122078313865 5086.683715917267 6471.373786131758 5325.839843051048 7062.739278763932 8848.57399212646 3983.732073676193 952.1694706870584 752.204548968589 819.7773326764801 2256.217650483181 2036.8041905463992 3990.9003451143826 5821.079119258806 6307.778436363431 4318.110645046267 2539.0102572396677 2837.903443997568 3815.0306248976403 4974.9525520907655 2253.080712875817 2006.124043838219 4071.0557112109523 2894.0784617214103 1593.229266177653 894.2253191885435 831.9504457357001 1660.362887537614 2377.2817436401047 4781.855835024221 6621.588945207193 4841.5612414043935 3417.1061725764453 3522.2529594971193 2726.43528699033 3507.2651734911024 4016.7497033949885 3548.531605127268 
2538.3972550704825 3489.699589113898 3076.915428892711 2983.752931054023 3772.7630744909243 3041.3297139885667 2910.9345596610156 3993.301777451324 3909.4267411392634 3088.1213599257435 1849.9884958772552 1061.8620495419195 1640.6910940395958 1135.3151998407423 1181.4217031861606 2208.7494436938377 4788.099862411215 5225.956035554902 5586.291683184049 5181.073440578784 3952.1338593278383 2596.7547724896326 959.9530582397157 9501.681685677919 22101.681502068546 155795.68583863354 806454.513270956 126896.72863426467 32080.9897130007 10337.170314498013 6731.78018321906 8865.56432130097 8995.395236983562 9485.009541066238 8634.903603680466 8299.54533517843 6156.926784971737 4813.978498537613 6469.0460351707625 5999.563395181199 6151.329864409793 4737.120381645107 5153.902277339818 5641.285587486244 5070.896949419844 5630.5429156822565 6114.731803436309 3160.3144849930413 983.9996410486767 781.3841191743999 863.8754452119988 2036.271812928607 1807.7694267317854 3361.0976797140224 4040.2381348987437 5409.64308457339 4321.388210265532 2688.280740684242 2883.0354634292285 2958.4175582860244 4195.4401164749825 2216.234495846023 2145.7807990608217 3609.4131137414447 2577.219728520322 1611.9110818169129 990.7096325835437 865.1592984761074 1506.1936827875581 1963.209900774038 3425.4373242145602 4154.823830294918 3350.6856325096014 2620.146824562561 2698.453939592016 2047.6690823519264 2514.3607361213176 2224.5376861456994 2267.2314005507505 
