967940.2590588988 142056.09276393347 35090.64066030314 20608.213532455607 7094.014264856002 5078.721321794527 6653.320368063048 4440.8094339708405 5688.183206739967 6936.3697113928165 4565.958641424878 3983.1208243333185 2858.3601148691887 2992.305316768398 3013.431873338857 1795.6205895289413 2322.402880066138 3482.2837821834423 4906.265656796108 3187.154050452136 2022.2383710192726 1301.0039675366913 1844.5639680493546 1111.9560812253897 1055.6003902886825 867.6045168413234 1336.3461477498458 1449.1576172175892 1280.2189924022996 834.4323535057463 1155.160939598523 1307.8128004932103 2169.4672119522365 3707.094121195142 2985.0131649766404 2538.0289649391248 1451.2960693961193 718.6746316433388 596.3807002425465 562.2568693675482 758.4629619198845 731.6588201745546 734.3247664059451 1802.8426554603473 2649.9683568453693 3466.517864237292 6318.079807774225 5676.343738550506 1376.3827709742031 641.8056540212274 477.93287928475115 341.0206991697801 269.25161511785996 531.792608932759 647.2702970230602 2410.8424929446924 1724.6808009691417 2272.085070213127 3993.8054050580167 6726.0632307760325 7659.476671055224 7248.538430953025 9403.290770830186 9134.620875891855 7409.87403194938 8320.042735472436 5656.498139547309 3391.1201242420957 3356.110835887847 5373.848155983582 4475.953957979164 4243.685739677142 2788.601786909276 2845.3612234801926 2180.401329024972 2370.09832942311 1148.2646240668703 538.6489154189902 451.8678084642547 413.0190260526573 933.6122878253123 446.71367522650246 369.5805853977058 1036.6328634912263 711.1590606211163 440.11152597610834 512.6561285480957 318.44587127801503 349.7292597406817 271.8405381525731 378.4202511250999 773.2413142028548 836.2690137587593 837.479780826715 387.3698390010586 263.3131301788535 241.90545550640223 218.2793007166352 352.0463987519201 307.1215489401251 760.2081188853306 371.1244955298694 336.1135919264334 331.2291104141202 304.7664541112717 875.7700176595725 1128.735601152752 592.5222746087736 755.484558599912 1348.937218613101 771.3683607357569 860.0615288768146 542.2800022341976 1095.9584150451333 1818.5839706367306 2834.813091154308 4338.440419154353 2731.0619467716037 1834.5568047665122 1369.0469339439712 952.0223204153161 1084.3041712541165 1028.949134247469 1450.5704982499328 1017.8402555930738 480.98676737158354 1044.632519810924 916.9096709419706 1041.4877964225032 766.6427448343171 821.5313367668176 1522.8207473364268 
142056.09276393347 728637.1476401272 200442.47399041118 43593.295002300445 12379.961894096228 8421.003773055463 8389.956833651857 6617.852014883344 7843.296208055877 6407.18607840591 6580.927578101114 5992.918597910075 5307.027663611393 4477.740341180733 3940.1577645430384 3414.81417509196 3293.313510436021 5625.875766657245 5389.499864695659 4515.965112998959 3015.209201479876 2097.656009097849 2041.5485545617748 1638.2628207735684 1464.1369674428024 1473.902950347025 1658.7290999064298 1866.5011396958016 1803.068615803576 1515.459112415621 1776.2944378270504 1858.996216076963 2516.5022142938496 3483.8447485500974 3397.013569370906 2767.1171701404196 2364.7247048535473 1280.0319637111497 1167.4172519386364 1118.4495005002304 1228.7872945409638 1303.7009998486542 1325.5607369838133 2393.735359340279 4961.857603227905 7021.776288360908 5013.667195708312 3514.391928595931 1985.2313200170784 1300.1375138876444 1366.9822501067454 833.6569287383325 537.1721508343202 1032.0947652539521 1394.5254636172976 2402.27693783409 2020.3208178559837 2692.3546236897123 3657.0629731693057 7426.176719603212 6285.42109049678 6935.311365523686 5917.8183991515425 2931.73205514023 3760.8122978672463 4482.421778472578 5909.45785989865 7230.870961843392 8407.887379931022 6739.701041258613 3960.1762060343563 3079.7718933726387 3548.5013370843326 2776.5395143429346 2933.5425423945817 2262.9142001008486 1770.0056614282666 1046.2980879597699 749.069133140359 563.0372072394106 790.7482373799122 609.0698409596663 515.6682761241597 846.3268586969691 783.3882597750387 495.77454373101807 483.56919872397845 420.1226676325445 363.0145552234916 385.2280589757187 490.05309932699663 802.425244963307 812.3590360407973 740.2767614528672 404.63445317002714 332.1103612591445 313.156790059136 294.59606794309326 426.55110449391486 418.62586228765775 608.9521295533268 408.13583699713485 340.22148082297696 313.8022132163772 378.0603231063266 745.7954403107525 877.4069416872084 652.5529577896881 834.7759110093251 1102.5398340794318 1284.9145895924896 1383.0943915003072 1133.1174946042127 1587.8426294112235 2165.2263933585614 3627.422762851096 2687.6526244120214 3434.491028773725 2121.444406005592 1433.9901899937522 1408.3851410377308 1211.3870031423153 1355.4217604250623 1684.428449580492 1387.8906010994203 844.0328017691185 939.4151319913852 1060.012259330171 1436.1502369527839 1357.7609323627003 1418.6000111191217 2238.9851035789593 
35090.64066030314 200442.47399041118 681045.3047804366 141453.44249324896 21877.341533894778 13341.335397487788 11548.443064768298 9072.365356468712 10011.93608479137 7390.017794061651 8177.571135929257 8130.92117745461 7556.7669672638895 5832.062937550623 5081.612605592518 4722.078586058909 4379.0393539556435 7478.6087567994755 6391.016749403319 5842.341639301865 4027.2347720501607 2622.639260024756 2367.3268689177903 2053.0414176109225 2030.8865796916145 1950.6255728224467 2162.4004695839844 2366.1957460650247 2181.0103737961017 1987.8488943319674 2446.538528810615 2303.8500307853237 3147.662438604615 3869.0389764396796 3918.1517973423593 3344.9411754383086 3067.359950760715 1692.987391998053 1478.8544432537035 1480.9559899252677 1682.8935292176343 1736.3987486813915 1806.0989725565119 3009.8036272085724 6709.484898012508 8924.632234842737 4948.806304159867 3569.547940731485 2334.736426990611 1833.7035720141585 1373.9838203549948 862.635004214215 592.1358848855093 1067.7337775913984 1760.9879250255437 2603.929603470452 2194.1248050696545 2948.4711912012326 3303.28585180364 6785.7830867706525 5320.675766096716 5554.720581889021 4119.169074511688 1902.250279744578 2769.6311833484583 2922.7059266350684 4752.470954078879 6854.755581257704 8538.130016333846 5383.552035400641 3235.249600974982 2774.2289322360657 3647.0576875310926 2835.254552765456 3362.5497314896907 2479.0444509704407 2393.5628626625457 1498.890962749945 882.4242327967135 791.4228155288417 957.0048346164378 874.7087801362512 660.3201015568618 975.6959058843082 911.3658841462111 660.344126269979 586.5536070463255 510.82418455133256 518.5058921655512 494.0510234783592 745.6966705716902 987.3758317188565 992.0620019064218 813.9703955145608 444.65138445229354 413.78982000690354 440.8396277947492 376.22001971095017 530.8822366323254 515.5730115767627 692.7544963228731 477.77134262542376 431.3322093287086 443.15669064508324 507.1567278325703 804.948149837512 918.2568889407495 894.106972778679 1019.9736158295034 1254.9083897127489 1862.0119943736177 1984.111417056911 1671.5343917959672 1989.8473355223591 2569.822375687802 3435.329714973344 2211.0641911899934 3538.795194668307 2123.061200095732 1718.8044959166973 1819.5507891360355 1494.6757984887538 1608.6662777200022 2017.9980403921932 1791.3034864291117 1207.9320176829694 1044.7437857978464 1425.918837950624 1848.6481119875334 2030.693839205394 2126.927857897142 2572.5028260704166 
20608.213532455607 43593.295002300445 141453.44249324896 660874.8483634836 146628.35092269297 23381.277708581045 21218.991523462602 12582.545312155422 15675.074851485286 14698.660226673954 10567.61228709237 9589.975952284392 7414.3414576090245 7347.85303990959 7475.836922093902 4457.03038894327 5212.944844010455 8818.29336422967 10037.102531368426 7334.131565563757 4954.330200692888 2767.563953398564 3888.353698957354 2247.112501101973 2102.7926040029383 1942.1267223972895 3064.022276448845 3170.421011659403 3255.687819519548 1929.2153776364728 2674.834869083211 3381.8731673496336 4692.456425073773 6535.703988690655 5878.619152076639 5208.822770622617 3820.5881700012055 1622.7465934176726 1419.1735189794122 1394.897596474117 1689.603902017027 1558.5992276901516 1610.4119944482918 4665.470317371037 6414.714920011264 7143.076806974886 8447.731100041246 7692.613245532329 2786.974486558794 1452.82753151026 1100.2777194188905 738.4208863840424 485.74407832160324 1038.9597075577417 1417.9270432561873 3425.7171525293757 2868.028323682385 3838.4401659885575 4469.704804077683 5856.288855947499 4033.198332673947 3944.6696173045043 3151.1448181140445 2069.551719455582 2650.3798956419487 2767.980828421385 3620.850663834401 3592.9366018887777 4295.438638816496 3982.3535329939373 3127.6770637606405 3374.3935908193985 3781.232265391015 3401.471139572031 3475.1439737273663 3769.3989533188587 2326.02247693878 1239.8311907944515 949.6242425959808 754.5460862004502 1592.0739317752866 932.7821582306055 722.3876485354372 1743.497707034399 1305.8688706550886 847.5630789474576 907.4897626932766 536.2740253447897 654.7833242938967 605.1490477177031 791.0916223183724 1533.345147300934 1515.764554771194 1428.7694717931631 746.9860139551637 443.77629413743307 461.6942489185645 497.8198130722747 643.9906661998714 591.1727958716623 1291.6379373393283 654.2454069135838 567.9203790789657 566.9043032048755 580.0887819721694 1573.0233889329438 1895.5628140242907 1039.0663745836018 1276.2017313533786 2010.2757120614765 1521.1640657772869 1689.7605176832308 1220.1417989618155 1715.755804926256 2318.941429512293 2888.3884231922175 2897.3667423612733 2841.887974689299 2375.2122224525788 1911.6832074763465 1641.6933474001632 1648.026040253792 1642.6526686602135 2261.3810643107126 1675.253731757167 896.6496129014665 1566.0193238485233 1489.649913394807 1767.8643547364982 1331.0859533061525 1434.407065711074 1863.1771091668484 
7094.014264856002 12379.961894096228 21877.341533894778 146628.35092269297 604519.4684725888 142583.45790475467 49491.663316969374 30341.114024222134 19476.419620695204 11686.765950982894 12032.90030504838 11571.04201342346 12140.611004294926 11471.356176114024 10770.828171377447 10801.708538981999 9975.007081286627 8893.588257934922 7896.795174310951 7528.407182895616 7975.350820612654 7217.303341456641 6801.50957791252 6332.142543710151 5912.791737041207 6012.660876451954 6225.863458010549 6059.538810636155 5904.77181286008 5442.64453568753 6317.419847767984 5961.810731851756 5608.602862656248 4406.354444407585 4378.43554300252 4787.692231880862 5660.277156878341 4622.834814426701 4113.232630492948 3976.6539475956165 4280.955251191769 4248.057836284422 4269.925328869422 5623.332817078736 5130.673436678561 5163.770084035852 3750.880679553221 3776.548283634117 4137.40290479864 3692.037418832422 2234.050365818993 1286.1008811399888 917.1681185757028 2123.4410193603817 3177.690540944585 3500.332703738593 3063.115032258573 3231.989148763801 2495.2509571205383 2178.7549538212015 1984.700699762382 2001.400555599829 1207.5344173719873 814.5205218437922 1037.836229726168 943.5082285765133 1574.1312624789623 1817.682263270794 2303.379756818514 1750.8105107340505 1473.3487367642335 1566.2534168020743 1956.8937026992667 1721.6647955492112 1955.1337865288701 2089.8137075685227 2526.114748734883 2266.498871528289 2011.0988750347265 1925.7973145507167 1879.3214463183144 1751.7624905034536 1623.9441809184382 1719.3912045494928 1711.1587838629584 1514.3334771460025 1479.2974187772265 1370.0070269349376 1367.476279766344 1451.9119635176698 1530.8771778524274 1737.9159505938737 1514.7776138875686 1364.463902867702 1186.9801822567874 1264.3941537440232 1162.1025381036486 1158.9060966330999 1304.0625915663002 1424.9243276157463 1463.9300020557002 1294.4061993948837 1089.5919287959762 1230.3282979530268 1246.0505723548297 1492.8220445317902 1358.4123335025831 1445.175704153434 1379.6799058883296 1451.1331387585014 1660.902087382039 1700.0230616275167 1865.7782196390324 1680.8291924419048 1592.0175443238818 1354.2177748676459 1087.1361346802212 1504.5924087333053 1387.0811873550308 1558.009427825229 1623.3359087711985 1751.1452602913864 1843.8682714144363 1794.31073326513 1618.7444233115511 1766.8751902022157 1487.1533205898147 1754.2803497521027 1565.1955039408435 1742.2480719996822 1809.5274427003856 1911.4884763420428 
5078.721321794527 8421.003773055463 13341.335397487788 23381.277708581045 142583.45790475467 660643.3025689118 119681.01071404066 42914.85994842279 20590.377115313586 11385.563817488524 12506.496626847225 10859.025301242547 11966.565467427792 11856.196186273499 11266.107664574578 11751.209936923518 10794.927248552563 7370.260848077159 6281.368719897428 6406.195667809488 7954.741370448827 8323.892050071183 7877.506697579959 7525.6830528596365 7351.955023223399 7070.108492574502 7126.837439721599 6671.796322254947 6301.09011451101 6444.85348844988 6819.484912045889 5887.635449105257 5364.1267909456255 3683.219276916798 3754.6989340061664 4243.497425165566 5463.982288877343 5650.295825727505 5246.014529543173 4651.042710099198 4979.5714237188995 4949.0952780852795 4735.149214188156 5304.066159156589 4326.691031194497 4309.423978418891 2731.5082127821834 2816.7586660316515 4204.910636034454 4329.545756709125 2519.6653745513386 1425.1166135546428 1029.5043705110302 2581.187660945655 3679.7605581233884 3242.6154616355443 3166.6292238435935 3071.4584409044405 2134.0632219782287 1747.8259736425987 1727.4267697000487 1711.3069225315096 1003.734167819506 673.8930593288237 852.9769067945805 857.6220814216051 1242.145270679481 1476.777256225 1921.1953379794272 1590.626361132483 1300.229763109451 1264.110777780552 1649.8397949995508 1385.6681034688438 1469.008538918162 1529.035206555028 2106.8118853139517 2099.1756964163437 2163.758363400106 2222.283711679235 1803.2150129016209 1815.512708234468 1836.1771243807684 1633.3541562111507 1594.36814600217 1596.484393919162 1651.9368109890204 1673.180122469191 1523.8579954783868 1506.8123010963727 1428.2740215418748 1581.6414834693944 1435.3814025735098 1247.310858864446 1246.3118894779432 1304.9840090994123 1321.5061815404401 1237.064340309041 1247.6836359468605 1516.8080297897739 1391.8608870036535 1386.632459075201 1224.8633374794251 1348.1826409783857 1424.9944060704875 1366.798595985305 1165.9332507456986 1348.8699003154527 1344.7557989257975 1298.531253250572 1429.3962342359678 1551.529304853281 1879.9953253138804 1438.6132433353396 1374.1563998979168 1058.5884672654079 850.7489261584193 1222.948584378513 1147.6308821031748 1414.2704389902447 1507.6244038999994 1694.1740174215731 1669.4078786327284 1302.6479601147885 1351.0952594264486 1716.0653548742437 1450.633454393485 1565.9352103504127 1386.469141329825 1547.392314513867 1702.707676450445 1669.558358327424 
6653.320368063048 8389.956833651857 11548.443064768298 21218.991523462602 49491.663316969374 119681.01071404066 643308.0636742634 125109.4857800788 39927.95850886457 19364.36563584989 16218.70561909089 13004.012380243958 11853.69549348631 12354.18126009678 11816.635719952907 10225.211816437168 10113.662783415295 9037.196714666068 8296.4983665372 7560.443174207015 7723.198911448339 6579.547418703733 7543.213273463007 6201.576777220895 5878.19298435505 5867.999225829322 6621.081558723403 6414.524065261356 5814.872003219846 5171.873696388074 6217.314377879587 5790.412294585178 6093.119895264379 5128.5172759290535 4688.840707775965 4846.594691187668 5546.25102484345 4491.285339409519 4034.828612545997 3707.4521970878764 4222.51650020594 4070.0678973810313 4042.826462952727 5961.940390159316 4969.8852876600595 4925.908259192879 4460.915718079147 4806.053108155969 4079.6216095311 3178.4582460812558 1869.8036891699498 855.8698836257538 644.6526345632092 1861.0659964901809 3026.8316288509254 4109.74647353819 3165.139875644851 3144.4274211152615 2796.0502520810232 2457.8609035818467 2179.1127117160477 2109.3522597838983 1478.8609633465474 1180.5674251197875 1277.3716092432733 1243.8692396629574 1554.402267413813 1465.9030268693407 1828.5999380775286 1954.4544974161624 1737.6220332485111 1793.3252989011087 1918.804917700569 1883.613042096369 1885.5925522413208 2184.652451425856 2122.212550059222 1794.0118300141896 1858.5352375471807 1682.5332499568444 2077.0694658718307 1668.011804854475 1419.09122973948 1788.3303248566665 1747.4728853899505 1379.6483875817053 1546.5830588175288 1392.3923576273564 1205.6329784504792 1172.7076703813213 1345.0819088349413 1656.2927667535705 1550.2931675821376 1539.6363384259173 1189.282917196394 1042.7444402115357 1001.2925063980963 1085.5720016519144 1248.7705236766158 1168.4641784358907 1635.0208917746731 1238.1697949927618 1079.2596387722608 1096.0936641730013 1104.3639651511805 1492.897846815827 1486.6173364531319 1203.8069753167326 1280.3842278967418 1537.0895139172774 1374.2920912456425 1429.5241401985468 1352.7697017215626 1335.864349170922 1495.4663130472675 1368.8350642393843 1247.5967957313649 1352.0141002696612 1344.8928077370022 1516.134980717579 1506.0505680194142 1634.11934994202 1570.4243349154285 1536.9199133108395 1439.2967725861242 1243.6305054220113 1588.5502199930654 1347.4495397549797 1371.6986551491573 1246.044108429528 1259.459372578906 1438.0085497222126 
4440.8094339708405 6617.852014883344 9072.365356468712 12582.545312155422 30341.114024222134 42914.85994842279 125109.4857800788 657760.3536402149 93923.26874951879 24420.756787929975 21870.591599805328 16260.993863203914 16370.271738176845 14540.721404438089 13054.838831136309 13138.518543736205 11549.670469838147 8911.549201572196 7698.2334167587705 7597.0931393698465 8551.356957089718 8189.449746985254 7965.0912301439985 7687.9778031502265 7612.214765458376 7409.8659611887915 7462.227585670591 7031.667609930282 6377.116163965208 6398.571392407833 7336.303154814878 6253.960572083699 5851.521851325001 4376.204554366508 4394.891188062156 4653.416615553733 6142.858909370704 5755.853676964448 5082.005981098879 4808.711386912527 5199.056928170968 5181.966382479343 4952.171839909611 5566.855735227066 4990.832497433974 4976.586191999465 3359.9809860294663 3442.5917942319866 4631.02659217524 4234.6812065954755 2337.0512371428126 1251.1951428856755 782.511442488146 2300.3685949173846 3513.402695106501 3353.298572825341 3046.7205812720968 3053.8402894743945 2298.0786528278313 1955.2222228471778 1817.6247195395977 1757.1005527780953 1123.4615686131451 781.7852230788247 932.7576073932923 950.9151900960511 1323.262666624752 1459.3124335212997 1894.4716945723856 1503.5233671401063 1308.8655674831825 1389.0174858792432 1820.5846951563387 1551.9913170086552 1758.9806884552866 1846.566737935884 2280.899501898782 2215.771994655757 2124.517195482317 2097.3124560652436 1885.1439218892529 1854.9159637798418 1835.614624639625 1699.3509059921796 1623.866584491867 1586.2284852209393 1670.3233418645427 1470.1882505943045 1565.9243796364456 1471.3051425075596 1444.8465672080233 1648.4426462847323 1383.6080872305192 1340.5782859266017 1253.3194471023976 1307.5684855157544 1315.4392890156225 1279.8621383541106 1394.0446913551925 1458.5575357656926 1487.457718601341 1282.709158222875 1251.946496250316 1287.5383014656015 1237.776944565429 1418.3256556149088 1269.7467064150285 1319.6318856308549 1352.2069456993736 1417.4765562935845 1505.301403218914 1599.5264615579822 1723.9110301469307 1496.875254997633 1391.7907807206584 1269.4836960277396 972.5665191027307 1281.0310572860515 1228.6810412473255 1402.3110744114883 1654.6302575216364 1668.015676065773 1632.1838279205238 1373.2798583558376 1436.2734431562635 1590.2540564535518 1373.128491609312 1479.6273455565758 1429.3365395124667 1463.3716803275233 1528.794450766029 1527.1547638154352 
5688.183206739967 7843.296208055877 10011.93608479137 15675.074851485286 19476.419620695204 20590.377115313586 39927.95850886457 93923.26874951879 644136.4334754094 130727.10705551045 42828.2743882859 26370.08685321841 18725.80571429916 15151.976930409546 12079.257879049735 9750.836504482693 9712.397814403654 12122.534343403227 10818.54631207637 9764.801722259286 8263.14063480393 5282.478932780418 6349.888430240486 4846.635436311737 4555.6151986939085 4450.185247034548 5605.517678368382 5839.328640651451 5395.137237475761 3938.4630358182953 5088.332030596561 5636.636826817945 6949.909680985303 6771.557696449697 6062.0970421234415 6023.007124912447 5851.702933431776 3461.4929667113015 3014.4527266449286 2932.9800165364736 3504.1717265532143 3377.463393778921 3244.086264457535 6701.891234147453 6962.613823610376 6707.578092427235 6382.277485552736 5712.669594878339 3670.624565468967 2418.4131184522416 1531.422221500823 883.1132992627538 604.290956646068 1381.9023819786087 2227.033974672037 3407.2783193617406 2751.0539243454787 3341.0514922028883 3239.7877038790343 3156.061142013003 2236.9960006175183 2246.6022727033433 1613.5268328130196 1222.3830918856452 1612.7428676593302 1414.4139789069827 1940.588762586021 1901.675548483295 2072.994744679274 2139.002507650344 2175.1822444019804 2453.5218783878704 2760.8576177604746 2679.1852816662545 2903.4636283267705 3211.491333490003 2626.200087389962 1818.6423976572448 1547.4603775973897 1360.6550275598338 1746.1159960591926 1409.5798780906682 1179.1990171746277 1803.8320605839833 1792.442617412915 1278.2192995246724 1293.150474831978 990.969717272295 1037.4853802490763 924.887712892162 1124.2623935965573 1629.7149724764258 1579.4662856554462 1627.7678721983043 1010.0859173938185 800.5487206925992 797.7555918417743 858.1795716907794 1015.9969227573873 922.2510288404142 1324.7944577748185 901.3325829980877 881.6819453431201 861.9470173604662 844.8762447036116 1713.0155285711162 1633.2975297128694 1111.3550200353232 1278.714726281098 1797.558934413589 1559.5192034680394 1682.6841786087482 1339.9130844007873 1552.2293122069852 1748.197806274428 1904.6070966969585 1651.2242476584497 1776.9145540950087 1850.61678174635 1528.0848037549822 1468.7979942058532 1661.9502856412378 1542.0318945134845 1701.9125324051686 1454.9798719256275 1045.0855206435592 1441.0097404564083 1332.6299439594234 1481.5583481652454 1282.018311632546 1225.6926467431415 1526.9397687896246 
6936.3697113928165 6407.18607840591 7390.017794061651 14698.660226673954 11686.765950982894 11385.563817488524 19364.36563584989 24420.756787929975 130727.10705551045 706598.163456998 135959.80942183794 29469.783057824552 16750.494535068705 14028.148648179471 11638.628090013264 6389.496747590046 7378.960044836479 9885.607834216209 11352.911029883657 7991.166837901475 5886.426818054766 3688.3416181196467 5571.550034288105 3537.2593790161627 3070.722770777425 3032.1206217181307 4187.754228675926 4123.36438339765 3948.2497805163634 2621.388106723522 3448.983088099684 4233.25071060575 5883.1137307024255 7511.639734664002 6321.55109969073 6012.551070177309 4249.548132873249 2217.9151245112853 1919.5909174716605 1821.6204413792016 2277.784830627518 2084.7815613322496 2158.1337803874435 4907.931088264402 5358.7977965849195 5268.974076733937 8188.384186516939 7523.346680014705 2818.4814346973258 1459.8862338970528 1003.9600932035281 538.8161608263783 331.9107966195122 900.0236076749906 1416.5370214622114 3187.3608236922773 2794.598523610022 3350.7006462962745 3901.716347507068 3657.1414460472947 2688.0786883878454 2628.272692140705 2131.345421624441 2028.7982595664566 2236.434271576746 2208.9015406477574 2238.8558154263524 1557.5929870292414 1684.7232356688457 2293.618520809304 2764.5792219171976 3081.186571291316 2840.0452432766742 3192.5937177311675 2903.527990972577 3576.559930890497 2072.754909830394 1102.9837679039338 1051.304863617624 1027.1031171312618 1842.8821213885597 1085.800161783516 806.9473748614928 1919.610414689092 1400.2547903071566 965.5741369040225 1222.0690498637732 784.0071056561908 806.3612056314006 706.8190763449975 794.0859273408313 1546.8474429580242 1477.5026945972756 1639.9768493863191 859.2639268233709 602.0804656793083 590.865168286773 597.7487804943634 792.5362129705238 634.5846277194615 1530.3390358824731 781.4782896518905 662.7118196541472 662.6627936949275 661.0060927650194 1629.2413608024851 1879.476402164706 1120.9480073818852 1296.4091013136513 1972.2504531269249 1169.8519406183389 1210.1124942247852 1036.5160161413849 1298.8903344672078 1725.6705411552382 2031.2630614310501 2526.4332664041576 1876.9471370664735 1846.2642620102379 1676.123381064791 1336.6541084191424 1512.5394173350182 1269.4580078029762 1484.2152307902259 1179.3497752843584 762.7164099825794 1443.0168571578008 1146.0476792980544 1221.655048512912 930.9068307407379 927.0296431700027 1087.226626812077 
4565.958641424878 6580.927578101114 8177.571135929257 10567.61228709237 12032.90030504838 12506.496626847225 16218.70561909089 21870.591599805328 42828.2743882859 135959.80942183794 610926.0975232401 138008.17239758914 48438.93338867733 24563.015999462277 16366.618316577225 11584.118375822172 10422.215229808253 12781.718346211856 11483.20988370124 9652.307546170316 7871.589237539214 5510.0897227981095 6222.016824009483 5000.43742638394 4663.2757150712005 4412.2688053629245 5201.295658144125 5095.622875270372 4712.845552041852 3949.355381438653 4747.035421401713 4904.30418151173 6179.795774440091 6339.835080044948 6077.6649214976005 5815.983323009907 5510.949661233705 3720.763445305934 3340.386220592918 3001.2079420757445 3478.6102834228013 3449.4353486626223 3295.1168099830393 5947.481250792106 6767.478148886876 7073.267299097927 5964.098706603165 4829.137604184265 3710.4336038310703 2483.1353694322065 1468.9758813167596 948.9125549306071 624.2540120191333 1470.0552857958821 2245.3203142077055 3202.962628161689 2852.549123163582 3303.524886304699 2870.654414944582 2922.6077100680186 2354.9060701923504 2180.522002461171 1525.455620013248 1158.1982464727441 1463.5113731660451 1434.2835996008776 1787.9496019586531 1781.2251586456382 2158.595826140848 2040.522905651948 2074.070053151332 2177.3141426520433 2620.5979146800055 2450.241640463342 2839.502269724986 2815.577345778185 2604.282140893928 1759.3150302199529 1579.405776593312 1423.449083264705 1697.4868923542308 1339.3343408853948 1183.933272018844 1609.9388810276146 1523.8045401983638 1083.7685978284526 1232.2077146785975 972.2317942686942 956.6064445377202 934.1852423202996 1078.0708432162544 1625.4007504632398 1566.6413506859355 1507.56695084576 947.776993525937 820.9886815700712 759.039718143717 776.4088784772155 959.1170281274979 914.9892893284225 1279.0812118373722 905.905499132033 817.8621419140437 852.4828199263784 778.3641230014609 1396.670817392652 1416.692717637333 1221.1522759473687 1387.6109781253065 1658.5023708254387 1698.4745175718635 1613.7868353842873 1460.3218121524844 1650.2039895745868 1771.6347106622998 1789.132472688401 1509.6703135011314 1906.7004516276377 1641.0191049702864 1568.6533515869223 1590.5623243732311 1650.5079892052872 1436.663060839776 1595.8795514445653 1435.218564634665 1070.1238293582978 1306.6742550041217 1323.0668065044608 1421.9452612491539 1277.1535554705356 1305.1037728476936 1436.632280484353 
3983.1208243333185 5992.918597910075 8130.92117745461 9589.975952284392 11571.04201342346 10859.025301242547 13004.012380243958 16260.993863203914 26370.08685321841 29469.783057824552 138008.17239758914 603353.0249703804 139672.48804255243 39184.53574111744 20688.0696309726 15732.982252347256 13191.282574040164 16865.868698912684 12767.332781871264 12092.46903726818 9850.806986118398 5945.830694694336 6305.0088024023 5179.324504160057 4903.603210569243 4611.845515351928 5357.112483553029 5385.528224311338 4952.272090693712 4180.219285528148 5183.819295812865 5487.742931412506 6622.499981793885 6276.381069244631 6244.872660726269 6378.665391772575 6745.6084302439285 3771.2895345373877 3446.867990335175 3277.443466299461 3897.63383116298 3696.6182145448306 3625.6048232709263 6619.372694320313 8316.401388241888 8455.314844372073 5536.4942955218585 4702.390248453356 4032.8186347198607 2667.905378944381 1812.7414420263283 1033.9357551998855 843.2545398511363 1588.4076567222905 2556.5971157627864 3091.294235496267 2553.6513048555007 2909.786941823252 2608.675857170361 2675.2362406789234 1975.2571712114159 1992.1719929647559 1228.9775811114814 937.4308759965252 1170.6783256864085 1075.797937403424 1623.233230671914 1836.1637345031556 2342.5109011778995 1916.5414195774415 1916.425508435836 1891.2806029158503 2329.664100690151 2235.403300812225 2763.000410204959 2818.006099010219 3458.0598393249775 2509.4750213505476 1907.416923294152 1669.2446399861858 1829.615643935773 1510.7059416636173 1324.8757329296313 1633.2484572128901 1727.0053798349932 1300.238915769075 1348.7283618153522 1155.5591671982806 1152.8690257738915 1153.45580043881 1314.8251134961943 1586.2820493199752 1580.4224784966073 1632.6848861917024 1064.683856570577 896.2160062592702 813.148694409923 896.1846207653028 1140.644308601655 973.9097626402365 1324.971783225764 1005.4199578566606 946.1200730461378 861.6735878201494 900.7927847243218 1395.7880147183776 1443.8264173315004 1276.4902298762393 1411.7712170847874 1703.9655803900052 1918.3617436085271 2119.1060372933075 1881.463762315938 1890.5746999163764 1962.5769193712515 1741.5777172876606 1234.3134690436696 1796.1080854188494 1624.1956271614454 1561.7587525435624 1665.950053853837 1668.2049541770182 1507.1137432724702 1650.4889669165877 1689.4352125755074 1373.9649074885772 1382.7004184754417 1594.8989563959203 1656.3076400131865 1784.6189416181712 1591.5070280726743 1798.9998942707612 
2858.3601148691887 5307.027663611393 7556.7669672638895 7414.3414576090245 12140.611004294926 11966.565467427792 11853.69549348631 16370.271738176845 18725.80571429916 16750.494535068705 48438.93338867733 139672.48804255243 574794.6041014984 128916.59654030358 36271.25502678855 27554.38735489478 18356.103779477282 17362.118682610562 11257.587487698744 11875.778460435355 11806.53910808736 8876.266371657704 7474.31957443935 7100.254770013694 7116.222376000801 6586.013677265168 6182.121512114564 6558.914573335421 5578.728118205346 5740.637585758257 6609.06377214272 6110.49589016447 6327.389970051039 4629.511242576833 5384.827961328284 5778.001022452582 7565.804807122154 5519.434436476584 5042.44903930842 5089.483902440989 5383.0536852362775 5296.650962064852 5393.1273810879975 6870.852056570962 7978.777597700241 8480.530867647974 3673.106707679334 3344.506475733033 5258.495911054324 4483.973964411544 3223.616032011279 1616.2371088560521 1222.3922750259885 2558.129535892387 3742.1624324443455 3132.7523157532564 2561.67894577089 2710.386068151516 1955.11669126396 1914.213090155717 1483.9901455293352 1467.7294891781721 907.9238927040649 591.0405095585724 782.5739659404541 721.2413245546226 1254.385109789063 1692.9129893489808 2198.6219833299733 1438.6983523649192 1244.145281847539 1158.7135367218996 1749.5815200410757 1505.3174257583191 1944.4259388198009 1919.57911377824 3433.3060930326255 3033.640373688526 2308.568337569884 1946.9883771347684 1611.9586748190825 1637.116727029733 1483.659552814499 1419.9103381645393 1554.113294476172 1433.8145029854315 1397.7307423516997 1357.9220055444125 1341.193274347136 1435.8251668403984 1567.31404916328 1473.7800992902319 1426.905335268898 1303.3176613683363 1108.3567311450065 1170.6427829904485 1079.5226456683363 1146.264621448394 1219.5928164373881 1229.7040880295303 1191.3975872130588 1038.7450114340024 972.9240381620608 983.4626933323943 1130.2145640745252 1153.8155736889964 1098.7563052066323 1362.373466034198 1369.3502826539009 1306.1238575798031 1994.613844278291 2079.2283350602975 2129.2335549163718 1819.9227278642381 1706.7512359100097 1234.9122282179774 763.2729130713875 1397.011280935949 1198.3752145886192 1329.6602934737748 1632.1182400534121 1567.412942161728 1470.8938964095707 1488.006469229017 1641.2174369635593 1760.1548407513444 1173.782948736727 1579.7681851558266 1784.9589740786341 2071.1208278192585 2015.7793286209796 1956.5407746427907 
2992.305316768398 4477.740341180733 5832.062937550623 7347.85303990959 11471.356176114024 11856.196186273499 12354.18126009678 14540.721404438089 15151.976930409546 14028.148648179471 24563.015999462277 39184.53574111744 128916.59654030358 564125.770875548 142113.12108234662 40826.749360319685 23492.10491367174 17242.993548671886 12781.75387072515 12094.546098025492 12599.396181225022 10613.032340929274 9934.583379639342 8399.349243847399 7929.995592540325 7468.147246789351 7971.821410016017 7778.3789631260515 7107.267437430641 6410.262196083805 7352.860691483917 6748.442408476402 6829.21729621485 5180.96016601177 5161.17937352961 6018.115485333603 7577.531326363736 6163.611165249736 5713.501640810749 5710.961044123735 6010.796871275765 5864.027971516625 5918.146977476961 7955.008357167641 6729.603976679202 6383.447973992292 4039.5935688131462 4235.087238417262 6033.6914278120385 5100.014384406974 3452.7038001916767 1920.6236773450282 1235.290113573341 3014.1991318077257 3910.2076696503254 3799.7759415857136 3236.3244597361527 3196.685114304181 2252.3483399243223 1863.7364863634068 1606.2875809535856 1481.6116635839298 924.4445718739086 718.5383675299969 807.2822702240846 731.7002436598613 1115.67983987966 1329.3859008750956 1718.770642607948 1321.6255145796938 1199.833430214812 1317.5583588164964 1753.6083714978017 1564.563423189044 1764.081014798791 2061.786564151432 2789.3674904976533 2556.526834434275 2194.253898042303 2004.5928876425587 1844.6676034303873 1761.022567225446 1718.75926109334 1734.6889915739575 1777.5157087135924 1573.0537783468053 1580.2575248404498 1477.332113004958 1449.9328469945071 1420.080179245719 1574.0045501063353 1868.313430069299 1714.3595101059566 1447.7463070237086 1215.3958064445997 1199.4423742948563 1189.6169119132105 1106.0805847358886 1249.432138731159 1339.1914197118865 1453.7480810292977 1163.2934709649458 1106.16359655757 1175.0734285322262 1188.914705212193 1449.4922325407924 1365.5377616054739 1388.86031150704 1366.6610765285527 1433.8664840477923 1659.5441484782787 1681.7331841434466 1640.5160572565649 1471.5210802553713 1399.2910809344717 1126.4145540001061 833.3033172112946 1165.1655899575271 1131.4553397892014 1308.806058441513 1455.4397404011818 1535.9826682907087 1463.4668825464987 1380.6438885350474 1330.2382746411845 1363.6432196848787 1329.9112372087468 1475.531976775531 1492.2106954611074 1506.3158844520744 1524.5568229084804 1728.2188682264105 
3013.431873338857 3940.1577645430384 5081.612605592518 7475.836922093902 10770.828171377447 11266.107664574578 11816.635719952907 13054.838831136309 12079.257879049735 11638.628090013264 16366.618316577225 20688.0696309726 36271.25502678855 142113.12108234662 600869.3840417372 108698.83891672602 35026.7411959309 21196.552852330762 15214.708942526746 13154.72213606003 13816.24546270653 11581.15743225217 11600.193883323693 9247.335193633102 8284.018577958068 7911.0538270186535 8553.46707669714 7931.521238265951 7130.946627125331 6535.599380744942 7658.9132203606605 6913.479079292751 6971.339936071768 5541.4294237931435 5281.778107352131 6146.904858332975 7370.087696189782 6221.34225884747 5603.039022293318 5454.256322143474 5949.23752456706 5813.687712185594 5829.618245947724 7772.144457833588 6206.349563982986 5689.588693095077 4434.213840405823 5253.6166532134175 5929.094141192255 5076.931528261917 2942.714356077939 1677.7402484138038 1089.8090010057142 2783.3249454119696 3832.4479791372787 4112.028967296019 3561.9903023625448 3377.9604493524234 2371.0750317113816 1710.437133536804 1451.8590186615759 1428.524673231652 953.7489539767228 689.4476569526997 780.5545906932226 807.9646587387011 1071.9892945818094 1100.7676560517893 1433.1488600908015 1257.793156465545 1156.9387865344227 1221.87171393811 1500.10024013068 1448.7264327005907 1616.6526202579303 2005.4089593925676 2452.5042259580796 2397.9904229222543 2248.684547590793 2112.1860498494048 2293.438533548216 1903.8101693561507 1791.609157547462 1957.5538723795985 1881.479534530822 1632.0363672977821 1813.8398829446871 1566.9286067197386 1616.0223117260498 1532.0792198188276 1591.7899981514086 2042.280533298947 1709.5280500115457 1539.3823336707799 1264.5282467156767 1284.5814054399139 1248.9290235796404 1281.4696401659555 1444.1596199585053 1416.4634309008366 1649.7091704081074 1348.5813115424269 1232.553500713896 1329.8709328189243 1386.1104479583842 1547.6953985537457 1481.3752933949374 1390.506016591277 1335.8834909642794 1450.4483377079846 1490.535595550528 1529.447507148536 1565.7823485226427 1385.5048899296523 1238.8681558565056 965.1996025986857 862.7972418120842 1051.3653857713048 1026.9924437385434 1175.6002665357696 1252.4458408727717 1387.8243176986073 1453.2987058265724 1389.4556028283657 1320.447500420703 1337.4765030407389 1395.9274394210383 1394.5991426662051 1344.3732531681069 1353.8003578545793 1318.4899441507832 1431.1129558800367 
1795.6205895289413 3414.81417509196 4722.078586058909 4457.03038894327 10801.708538981999 11751.209936923518 10225.211816437168 13138.518543736205 9750.836504482693 6389.496747590046 11584.118375822172 15732.982252347256 27554.38735489478 40826.749360319685 108698.83891672602 553804.4791963745 146337.0662524582 32020.945354429987 15422.677964038678 15658.33870122683 20336.302962887505 19102.920056898252 13122.227551329102 13097.716004903916 12345.650454755634 11399.387290277295 9623.356557457904 9693.928476673145 8653.853439177956 10004.02694280552 10420.35844145461 8002.257742391088 6587.850475679952 3737.8603180388004 4354.010875859452 5342.969678771045 8729.924213459306 9108.805686043142 8502.864927386523 8003.763209739652 8096.862075917194 8312.931240000516 8676.760730028109 7646.243985342874 6352.197303176791 5915.137444389255 2489.323509842551 2775.458777909535 6849.810616295508 7371.950643844692 4561.235695370272 2419.868811704592 1378.9089323616543 4175.736693661806 5447.7401868819115 3360.860167852284 2843.305071924722 2549.004647098676 1417.8543872866048 1118.3294976570935 1075.7920300417754 1040.0577093358368 552.6863769486556 397.1917597922216 492.0515991014714 438.71472802333864 717.8765523008293 1103.3069984708357 1532.7219690088548 870.775601628842 717.6402662285728 656.5896688533741 1069.8847444761032 897.4872064457737 1143.6911305417484 1171.982958169155 2783.8715757914388 3532.8448656465116 3085.0466810484036 2917.7339066923623 1970.7863979115145 2214.5530795946283 2348.3557876184514 1611.2304076595951 1881.0928075120403 2062.7598632232557 1851.7113921184766 1938.6219212886513 2030.3943028475067 2360.838571475902 2224.501522573008 1689.3802263223972 1450.024171363454 1300.1874316927256 1556.2272102209217 1829.2180032726972 1743.5441226853338 1761.797175489572 1788.1029727583227 1870.3642234583242 1342.033916183203 1472.9859031756039 1426.9471888669768 1565.16349112483 1662.39856600972 1279.8972295571382 1033.051860970145 1485.2901356403365 1286.5935755073367 1048.500480674625 1647.739425734846 1785.60229581011 2073.0776000363094 1397.8684253099227 1166.4363968138314 714.2347241260024 409.09602449186093 804.5486740469757 771.5151573143839 1041.6943448811846 1344.160158377715 1370.7304757166742 1379.7077046154952 1121.582493883016 1410.882780440293 1991.932816223953 1139.6014711892224 1547.8891859029875 1425.6209531814118 1773.7272911267223 1859.8713098505464 1860.5849353518486 
