372463.70282735414 56256.6414302075 20624.491047891897 10716.108538335062 21732.883525137127 14532.029383470683 3515.678263224516 12035.18543613555 11858.095888667922 9498.872853133502 8025.261439137069 5875.298759489466 7318.036201576197 9655.321610115645 9627.717560412797 9645.088509090101 6612.863100285648 1903.3081281485738 3333.2822336811587 3703.9207680136274 3792.804373843285 495.22406362882 769.8549628635448 905.8490545478113 2194.053643667107 508.7055643704134 1100.6711973065806 1552.0615142170643 1040.7651011386622 783.0767231659257 935.8658092521922 1192.7909432979302 2024.6490240657633 1613.0109605739367 1145.382641530452 3520.2986591413924 1542.2998494860801 681.9215745740304 1299.140757808909 924.2413616174608 454.6539140670142 237.04711373843534 166.5637607340954 207.3178026254221 236.38675306655617 240.7717543747396 233.39053083438986 206.08580374632228 363.34989501409456 239.32335278885014 428.0009152385243 900.2474363786024 3841.6816378834756 3782.1309438835824 3408.087049655963 2901.028131737967 1663.9971580849722 804.8702315671867 477.0443853339191 996.3926415919998 1046.1131554191584 304.1258443998453 444.09356693203137 575.649361887585 286.41522911040795 361.7111423427765 1086.905398072396 1642.5083334368353 1605.4675762631534 1581.590944841543 1521.75751433357 692.5121047528136 747.6664317143304 578.2611052463837 304.8953763020269 378.01553278129296 547.2258323323621 202.29417334260674 184.50658178361252 183.3057309299212 591.3275088532268 338.6253878034401 454.2889984576354 757.515739613178 438.5455298895744 545.9143968168415 293.2804455096753 178.7790334972603 104.49465293897043 69.14113696583485 130.17867332493896 125.27489904694097 143.31563061805235 94.3231042291084 133.9065455785306 134.1397033967621 94.18482595590177 222.46782204474388 220.105158911696 263.5395024051862 213.54557894759083 188.03918958709673 464.62093308494826 437.29873721139904 216.03424217654427 228.12292829362673 290.0956678335739 281.7821441445878 195.56370774218652 116.89018655849277 117.89106273775795 68.29449399925421 169.35416440401625 312.3851089463752 166.28260966631333 90.90274608834947 119.1369810037268 144.65772985994798 174.9601193614287 296.40463329235513 149.4725806438471 442.2018394718072 303.3404577188136 336.764816345752 403.57264707940635 118.20316053153883 209.41226116889231 315.87295921526965 388.4375352952158 250.56765128614117 167.59050173774864 160.35823617704142 304.2411592418434 979.7576194297997 1312.832958081788 1718.543988417651 1413.8142304421385 817.867574887183 335.77750895339847 265.3720670856549 135.27988492729895 147.23220548077555 115.24230113140675 301.3008228227456 416.8586710874872 425.50386133095424 298.8721196739136 602.998579068264 856.2154439781789 483.7942608902341 809.2147130165359 628.1583874478423 422.5571216788982 397.862586501283 787.5284858036946 1037.033397297427 1426.7249815136336 1166.228055201734 619.5870090776316 279.98058396924006 275.2229607495553 1049.7819299406337 570.4741567806344 306.71245457362164 687.0018089113628 
56256.6414302075 293457.9178086816 22584.725786250536 49275.468399651974 50410.26778318014 35439.61304063122 11617.522818416901 11409.317267586275 7675.683719698642 6115.043796482172 5867.401152203338 5702.458374137916 5378.17365346889 5174.560001516007 5156.64536077895 5009.950046855666 4956.603528875169 3541.2668912818963 3727.871948272537 3395.628228521259 3464.30496004507 570.8338465349756 1181.041835641159 1251.5668516777114 2457.3709924931363 1017.8212524470991 1385.404534083397 1605.8306774999705 1336.6891601306847 1104.0284173680286 1441.5877029433436 1531.546525954148 1866.30017139098 1922.1950470743864 1637.1190366700303 2603.897679664931 1841.482654385071 1160.1175988190146 1496.0549240507416 1169.4991943511272 665.2189242807293 288.7085050969046 290.78420077303576 284.37507913931694 354.2211299151332 263.6116193888749 276.00930051001467 279.0139267449681 467.887807767262 397.0584456269365 712.4543999476707 1393.2495154667113 2529.862266039845 2253.030350711844 2057.7085546666303 2041.8574818696313 1950.0824123919601 1133.181586555735 855.1061903032535 1291.496512723165 1277.0525712432723 619.1694034560011 638.1647417245147 834.244284149258 542.7742943104971 519.2833756435615 1368.6893105898707 1692.0541525768906 1325.6133842137688 1153.2819488827627 1192.785480866903 1085.6110465608283 1082.1903642270381 719.4495107629947 458.848119528351 586.7832825321952 745.5161386183919 284.8250862445661 274.4831067766743 304.2611564250763 682.1861750424715 509.9675101764494 544.5948565362124 741.3378908917264 608.4219084900592 646.6031792939602 477.9071093189587 230.631874124158 124.26981035285141 95.63695482517878 172.89564916214462 139.85077216114857 152.65875305926326 168.56593789689734 181.0538628522104 176.2666576099297 159.45993393666848 357.46864429520184 323.48070652794013 302.5781765155185 296.9671898786719 272.5307215067327 462.8825325439351 520.8667548019531 312.613243380012 287.36925977115783 365.79016163640176 428.547442999609 229.93040840826743 145.06655436894638 109.20648754840504 138.54993802424386 259.1655856385231 258.64859708563205 195.50369950119494 179.55373060638183 174.71483382037425 194.790929575762 250.42484278165836 357.6631084328552 252.81839944292938 411.7810649325962 387.7827694500421 482.3033713583793 526.0684008508362 247.06698204165 337.9388472162616 297.7322312860717 500.44328213326014 392.8003688024072 272.8265945370147 298.94349516488467 420.1624972091899 937.4580767552889 1098.999798359957 1103.3699793009764 963.8020616476188 780.5520649048799 613.111808746774 344.77407870601013 330.22394993287736 174.51290161858736 166.54471052206503 408.5031941574273 481.51537531857224 462.719856602793 400.71172737053337 565.1884143480115 705.3168155753062 637.7590711339416 719.8877501764305 564.3245815806255 412.32158405610255 429.18389538853916 617.2813571070939 579.9537362728431 868.7964639609582 878.499196092368 637.6159415340352 429.89063221779594 471.8996044536659 863.4296862184342 643.7685991488793 554.3517799605415 687.8146095512685 
20624.491047891897 22584.725786250536 479389.912814386 19799.36123122329 33098.254019539185 9425.383084770001 4454.694728806728 6549.243624560172 4073.4632665816425 3803.213866106003 3308.2658835579086 2613.2355106325354 2382.9626762070234 3011.3959575879744 2749.1568000211964 2839.249689968585 2347.892488621789 1841.6391021217435 2595.957606173346 2298.5148130055786 2180.3252438224913 465.08484438651317 657.2743382972828 796.6481539258937 1941.361221353885 213.72841292505726 705.4708827026734 1345.159725748177 934.2449931013614 1380.1042228375823 1039.4057072121752 963.2830783529035 1731.6588849825844 1048.0603253597349 1411.823339319786 575.4565185473876 1214.305120096165 1113.4574809201656 781.3496305463793 926.3773802170795 302.4468473682898 58.22381850773892 120.87520022155411 127.30416670254341 222.00031125182656 427.1126134576802 130.74278781467945 224.33447720741904 414.3586149696424 509.4518978102739 281.7814010353507 1100.8950158205819 1333.3461446314948 948.8784321397426 1127.697793586704 1496.606353154929 1096.1844951182643 913.5115406000268 374.5670561867257 1086.3857379838814 710.7063089590639 126.11651683025265 656.4929943874923 396.7106385603592 231.53058853359687 303.93985757128223 1137.8925953943553 1331.975939485892 1140.8860413538705 994.7248135644058 581.9267810834639 335.0370210539695 585.8543168293089 586.1689277681239 129.80724720808095 236.67306464741986 416.0319315207209 179.4280090868636 300.58351361561415 172.14978755272486 465.39010807293107 303.7238402872055 243.79490147893355 908.7999187806772 420.0928678448179 193.68295534011094 369.6580215609429 297.3204089079193 115.05498364112734 129.8664474857337 57.73201421057305 60.60793551688938 58.66895076137387 60.236183260316956 267.23367796346724 188.96398921891617 120.29575326190226 0.0 376.50679157669344 118.52139047391964 219.95723708873055 226.57493385868733 138.6514322065627 342.2373663483435 265.313049156619 195.11090117467813 268.49210093546134 67.14567377366885 300.21631688283605 0.0 171.10691725443624 64.1381072667454 257.5051686715262 280.97736497010754 60.33558454790527 116.10378002283943 245.42808430703843 118.43672869184414 242.89612998056856 0.0 62.79966187584345 422.3885067356766 172.96238921405126 132.7550523279785 630.3122895194698 0.0 98.33374027171787 319.17930994849553 356.4111736183989 285.7434840846572 205.81897840710636 138.3881525535298 289.12660379173116 845.524683580589 586.8767054440939 655.4965978848687 715.3126203143512 544.0654131329377 243.67349443694795 406.2653249985965 0.0 0.0 114.99297459756487 260.02072127597944 210.16764531563803 550.8107473410957 188.35295388750956 134.64480953480304 696.5507450595218 702.1782876829018 158.52053561355618 154.2890751466128 68.83966041195443 377.34825641146335 402.98700983924977 372.0592457362845 362.9993980690893 806.0293836695996 403.75283825389295 367.3970583115966 274.627516314971 300.6308816982391 322.97301381930555 172.8276043310713 368.6805951454575 
10716.108538335062 49275.468399651974 19799.36123122329 402597.4017093835 49380.2344448624 19335.836284126006 15561.65619302291 8660.422604169853 4331.686207993082 3152.493254355311 3331.1406456553223 4354.765447628131 3218.439197795033 2517.219169028247 2246.4633777607078 2127.4718331123186 2797.977424239033 3250.1808426685557 2976.792324416435 2453.6099253003285 2098.8569851402017 487.60153350683436 1433.3190957432466 1516.2404554967004 1893.76097613838 985.9339298581377 1264.087488934918 1447.397245284735 1308.2996499401188 1097.957548801867 1294.051590116043 1406.1188462445525 1296.7826316600451 1585.4132739784604 1592.9508530392238 1246.8546349774745 1676.2413217787637 1225.7328116182048 1161.743361934648 950.4151465403904 716.6223954532251 421.19446028450415 266.12726855099737 193.52786077642045 308.391455673705 313.4536364085425 246.7306606206002 313.5939214104208 477.8613802869105 487.3813794985864 642.5463497558625 1385.0326995339424 1216.9943972006627 1121.4307246927783 955.6879150085655 1337.8329045402036 1548.1145458350488 1270.5996487358407 916.3032741340895 1025.0839656314338 871.7840274861918 621.4450038981925 633.2144233259563 686.2631298163444 576.5073718057698 675.5482789019385 1200.438844244248 1108.442051661003 773.4916275084656 673.8632321310413 777.8778489429897 1088.8984201048388 936.6823855622221 660.638885329884 503.5394943154311 614.125192146009 668.7997735829206 445.20517881828374 327.74145043222126 306.82326549325745 473.9809598112366 477.64255944088404 536.7558531305648 593.6668808704192 491.8149611577241 602.411190046181 381.09545678755666 261.84053689127484 102.53148230354945 115.73074838497163 127.10682771690247 139.79287832382929 172.2262034038338 145.25067431269807 179.30980499909737 204.71627152316034 201.79163255164298 322.7242060385908 342.10370933918244 167.75032943357698 294.02300771836207 290.9918502140377 290.7282479007366 351.63036881457055 305.9737514746725 265.924139421951 457.42274299510285 246.38766159435394 258.0958493389114 141.30617596764637 149.4924281986729 80.69195933677979 202.47904760656604 265.1225816630721 221.39838283246905 206.93223865761644 199.41546490189353 161.42196547558797 280.1213145945261 287.2343113562849 171.18414132454967 354.2704710434555 302.2270281709736 354.9148033673008 455.2372909392961 329.7540082528001 412.37794033215164 281.09096912813595 366.1931885646598 409.42260114102476 244.55466739399242 326.44822013045626 375.8742852818995 635.296365965624 501.0217304725708 343.6159554487123 533.2934225266079 621.1086245018716 562.0356289660142 395.5104370927895 271.72319712021005 240.43140648254035 102.47622281846259 258.97893420869235 411.30643678128337 449.14938716632844 427.85578926790436 388.19969109054887 356.0084091825816 559.4919779507637 390.5586569794921 283.07798774250307 353.6451241137609 441.7725990494415 371.79761067323244 263.2987209798376 485.2314760490185 599.9873560136726 507.96022824615795 410.8632276760939 431.8850626330027 449.1395817439136 467.28108093426016 422.7881152216606 599.1214289010345 
21732.883525137127 50410.26778318014 33098.254019539185 49380.2344448624 314658.74682672654 32264.403324270366 10879.437691415429 9548.547228593688 5795.027378012168 4632.316207788765 5134.430556468554 6028.819083315248 5226.596029393073 3575.3910525922356 3486.837720849143 3302.8836884428492 4207.424900821326 4231.351571124252 3890.8227038649798 3792.6344311145767 3318.5355370311017 928.6817618685262 1620.365881972029 1887.2479208090035 2985.1731728503255 1116.1756778290264 1800.2597467167393 1799.7394234077178 1727.1260132584619 1511.945328443113 1948.2627805227398 1917.793582441271 2235.522974059653 2072.6448685089854 2067.8782435057087 2121.3636971283186 2188.988175408052 1736.4004705560424 1633.8453027994267 1598.2397852451768 943.053815772562 516.4687513324328 338.8374869904203 356.8591725170733 340.9926046118454 370.1969442756923 369.008581252826 381.9071557087422 647.0626532362764 660.2499045550717 1128.0277231917546 2083.1877149263723 2276.9168399990517 1593.2882451155863 1620.2767910468217 1826.931683825857 2226.0033357873053 1707.1710005378234 1296.9014565704058 1442.224161715441 1375.4730724913588 801.4959851634833 836.9500992442252 1033.352254758693 849.0692893268637 952.3776606983182 1559.3685913492156 1668.700076177361 1206.2364413898601 1016.6397436154722 1270.9285614782445 1515.5472278384461 1189.5190462742962 911.6102547279535 652.9826186518812 797.4938545547732 769.4929460695089 498.37942296881454 403.98439220221775 497.9950902190538 699.5214825794133 650.7953885449562 620.2144594997736 818.7591229448681 717.8549589411679 699.1182550111482 551.2342462931813 292.2779632257797 192.1879159875698 144.61932958269887 181.78663380017343 148.95011759587948 225.28885451957203 242.8723810260544 258.59678144685535 249.13021582871363 307.1873495148234 336.425125422474 385.54309763452216 377.751515887313 329.4080804945582 352.3694678875801 561.7048905819771 536.1903255645684 481.3841750126388 357.13112602754575 484.5747235750779 500.2085969522006 292.8190954885747 179.15495133193934 188.35456440470702 172.40329630514256 217.54044721447033 345.2651141896694 229.37184332825075 218.46095355330363 209.6938330411265 234.2205615710951 249.50299729685926 408.86342381644107 390.66428155750634 449.51808390976385 513.6293015978233 532.7196716531795 594.3426887349215 265.7120648063243 419.13789005987394 507.41868806698074 487.22851157477044 380.38186715835275 429.4208758899049 433.0997229379215 748.3061885368121 941.5766370176653 898.2235149307913 783.8993080478239 824.0404443713628 838.006131286244 800.0291137949505 492.53304762665044 331.7446832984588 235.56648059209178 253.90458212549868 519.2095689022716 621.4239242554302 493.5266127460756 643.7152940635611 697.998951628573 682.062742649133 798.1242250646268 654.3730138250321 571.7338090113786 547.192895724459 574.7770774432693 702.5516941628536 617.9162246034026 731.8070580523062 826.4061131358046 850.1422916820034 547.8626966447056 522.0121767098311 678.2235207734913 833.4257119521782 632.6875287008214 913.1484368899958 
14532.029383470683 35439.61304063122 9425.383084770001 19335.836284126006 32264.403324270366 252014.95182197698 95639.82533367154 22279.05726968168 8676.696067856747 6426.289491959743 7068.897785078353 9158.8905329191 6642.690141757125 4335.2386435596345 3919.5150137170685 3369.65471143614 5820.9891390654375 9427.007065453667 4778.112103806026 4024.222371236306 3418.5025796671425 1862.7644255095856 2609.1516354501773 2676.923917247866 3213.2272206525263 1628.053396062582 2183.388818941014 2077.67822347926 2348.0241914141734 2370.279367762052 2598.2540393331483 2148.1963344481333 1801.050463072171 1846.6544206432652 2063.558973453873 1807.6015647236168 2044.1565101699346 2101.3081078617283 1740.2207669600475 1676.8358302111346 1507.9788723802508 966.5766039410187 747.6884033269832 710.0204493267771 650.2493095330053 679.4747106361548 637.437256551251 660.5850524493869 917.6888299907969 1046.4529046767138 1571.5947259018608 2683.137828354379 2074.1880338232622 1486.9264770761245 1440.4804249036897 1682.0991929064523 2181.9517071989485 2068.766062231767 1675.4807913640218 1472.6717278755702 1433.9067396986331 1432.7573107895423 1356.4729691161106 1274.5937831734661 1275.0782030353114 1386.862264178127 1617.2216293016386 1531.5877692814072 1163.0142568300319 867.8490611239845 1074.1559419528162 1681.7581714124874 1413.091510004004 968.1652302164141 815.0860099621044 908.0602603784026 847.4236311187562 679.4690027942718 640.2054888675123 741.0479353002057 746.5902824951362 824.2498166014318 743.7452375226677 762.790817737866 914.6637239153818 728.6172268374418 663.0231670607324 442.94495914866957 329.46466261218814 301.39123642998806 286.3350799478099 350.509622283027 329.41361917639045 326.93951820270064 292.08954389394506 363.0951810235096 354.603345434506 443.16687171390976 528.5012909222903 499.1042068993757 402.4083616619815 462.22170403711357 559.2211766785622 540.6072258816267 568.5596983337283 585.4871003282757 502.50858726028184 490.11118930217935 439.3928849807542 335.6935475531436 276.47639036365416 272.4921347812424 359.0493938649529 339.1899879333288 308.28198462621805 311.82450023564184 292.83057555329157 373.5066023071606 417.098514143712 462.65072431958754 493.6493509148116 543.2141863900201 556.7908595690639 582.6474898476133 661.9369400978965 435.61307040399043 530.0380173106619 594.985037518217 583.0082736165984 524.1002730650629 576.530754113459 600.8953884117631 915.5886239933487 814.9772658901555 721.8029252775553 622.1752479034731 742.2768192459118 891.552250713077 938.339740181274 790.7788957621332 558.9872296384183 458.18216481777796 462.72369864283314 691.048100443908 618.868783488994 641.4456992162417 699.1657107546645 744.661800407653 700.71788771083 799.0297510293705 645.2927219187667 544.3252801782926 512.7831735631867 575.5882647483493 598.8575427010845 478.7367622518721 518.033359172107 781.4345489936085 903.0160471665585 766.6947978847086 708.0234325865142 756.7768691144462 871.6526824545216 841.0047184719223 993.630116844122 
3515.678263224516 11617.522818416901 4454.694728806728 15561.65619302291 10879.437691415429 95639.82533367154 375897.0978617113 9877.075284955728 4018.621902550918 3100.7820916870496 4131.468974407601 6154.358169258375 3853.125575021265 1874.8421759452494 1826.8934025577835 1557.9620400722367 3562.467359170252 6833.337862706317 2931.455782929342 2888.5608823535144 1765.0954945865146 2293.3018867650726 2757.247619647011 3506.5322510792826 1838.7575271186834 1604.4148416671035 1857.3142178068208 1276.5580763309706 2082.345736768084 2422.7469754351982 2261.416170877793 1616.9236556247104 1007.4079575252599 1327.790405085131 2033.5606164341561 716.4428353916464 1477.054531444125 2299.04117115654 1170.9948430401446 1477.9945752340461 1820.776350051216 1238.3766806792958 1076.4077474913001 920.5119178693368 739.3097012378812 810.5425186230487 774.5828189960233 786.9824451764473 1095.283726384904 1464.5946968618532 1897.5256550036638 2619.6943487090584 761.9424279872545 698.3366150304884 823.0243495892723 869.5598536140354 1601.632042918053 1972.103454606937 2021.553512620645 1110.7846350440102 967.645179136558 1921.3060541024804 1389.0637671747472 1333.2985219898517 1782.7813610085525 1894.6339017683317 1010.1662066841329 891.4431019842924 708.1019188020605 822.1795932702576 685.2397773755126 1664.3735657365294 1045.5760228557574 967.9468197988265 1024.5908639745926 759.8686245199669 546.026135399237 792.3110754545644 794.1706693897885 954.4384212335265 477.0654463339986 833.7617213342221 623.4959919165634 367.8622367615354 749.741048881318 586.8016742272657 525.9701671508989 621.4372751725394 491.1200524343897 456.37786738112874 427.00898141659957 441.589688502386 392.91983394148343 430.01481505636957 332.3778939972841 400.9850118039947 500.2107051216508 477.0497575047892 394.8588870611863 390.3408609932798 346.0179409016774 377.2720986617099 408.1676579703336 297.21017309685857 561.3719364758136 615.0602295012842 427.30883027463597 343.44490568468444 384.44815328221915 381.5128396596369 388.27755222987594 368.1840583651242 341.1243286322286 328.2761319051309 364.1175527925703 339.6547797893012 368.02397608551104 414.03232668206454 507.2367411820848 407.84487564417026 630.8762743056398 341.9471715592203 481.5933936261632 437.21830481151716 438.11329179225186 613.4191360847744 481.2585320113956 624.8425646365977 333.12656756009795 532.7493291719375 777.5693305735431 891.1713228853538 1032.01029952444 451.1474794411183 342.4491187419382 265.33061865919643 295.39218021895385 558.3500671800543 869.7696880263136 843.5931696561219 574.4990486689221 649.7903978391433 672.8103676998165 614.7596195557262 366.0641430404569 425.64343838109664 755.4803554122424 547.4899315735705 384.4751390372479 700.2303489097599 393.7436350639871 431.49226068737227 605.4257141414197 634.1118987565324 323.27474896061346 160.8696846260021 283.8501197460153 317.3649011324172 636.3875925515517 851.727101762639 833.7238786572028 445.27028931254125 701.2009410827044 1013.3138866880986 803.8275317812643 
12035.18543613555 11409.317267586275 6549.243624560172 8660.422604169853 9548.547228593688 22279.05726968168 9877.075284955728 247531.43761825238 67677.97581203625 34897.280876192395 27912.57365526337 25345.38602580063 21617.366079761807 21227.44894366639 17162.44639047807 13418.443569349885 11322.627735794968 6514.961849744755 5508.9965172833545 5172.121018953122 5465.393443673649 568.1538763618958 1086.8300601269812 1199.1165702907758 3419.291901651809 890.5153045007036 1400.445606746463 1780.7187104091777 1278.1240852005267 1018.3019317712212 1385.9569125233197 1558.2364980292646 2550.7332373150057 2018.4708209663727 1440.1850877291868 3793.1920115349317 1988.1833374269395 929.7498434316968 1606.8570478116878 1195.1873912359101 551.5705869454337 256.5652380178136 247.86249651676957 245.77157282591912 226.40236446765618 271.5315409059555 266.67058376111123 225.11250215985805 391.69157466968306 316.73335715555436 544.003074835457 1202.1092832471595 3835.971359874635 3603.565563537709 3339.476014859206 3362.7189307948 2138.0806402470257 956.53537350562 608.7396778490282 1247.58248029756 1305.4132659878044 418.17812897983174 554.225904209266 654.8234281930044 330.82280169810366 385.8836696310416 1431.952952733764 1727.0411031617743 1748.788859710589 1450.5247229121787 1615.369561201413 846.344385524716 913.7795526212983 580.2099748661434 329.89111971625005 512.4188641805772 668.5647022197707 289.6461215992596 175.72991962025523 232.83268165996034 606.2352001493223 302.12696270899323 475.98516119459606 873.8266965076263 526.9372645996589 649.2572882456359 368.2520785568206 116.74626253166072 122.98362067055145 79.32329599526702 103.27051001341987 120.31413217712242 110.06583488227679 114.32006379284667 117.75742977757388 160.76422653502806 115.46456720379503 245.35487000539445 294.31051842544287 265.01250235912806 220.7200811288214 276.7869744886194 452.1799612211539 488.25975976108174 238.74172272076757 191.53132284960654 322.136519697583 325.1747164172738 204.3311815181877 97.25213207676059 89.58278671436555 100.73824850101411 140.43382307569775 255.90193791438722 148.72970883946488 146.89943065660964 109.75488983269655 147.26753536625205 203.99855184243307 274.3771206440893 190.4223258012581 380.41501900968683 298.0742958418809 390.9584339100945 484.30425786076745 137.2249127034343 261.702667158382 249.266271565474 382.5270693636682 290.8900567415112 170.61404299380797 199.2455391081534 349.41663674080195 1049.811939795448 1238.178503920388 1587.2275036525662 1393.9756460045737 878.2711105820969 474.41922070790656 245.61744316478328 226.1515618984278 121.31536919114487 109.12049436225882 307.7183965614164 493.6201568745268 436.5695171034016 339.66329729972057 571.2878419561582 858.5131832307053 549.9049189953593 838.577167909103 683.2458040461562 424.9823702777675 436.27866629110014 757.781629072633 915.1123394568276 1247.1888587731237 1181.587551572565 595.9861002181807 279.1749647613722 268.09137891866146 972.2412700180007 558.0038267878842 336.8002528586095 669.5457870026746 
11858.095888667922 7675.683719698642 4073.4632665816425 4331.686207993082 5795.027378012168 8676.696067856747 4018.621902550918 67677.97581203625 243954.95450667027 66943.40375169087 38513.11290493516 28043.585873038428 24828.66197679784 27031.109190603063 19817.842420511723 16382.867821437256 10745.465344676573 3381.2461157995513 3902.846202681427 4282.846995906415 4503.953676991833 540.2826210451843 837.2682242126488 935.2742772082117 2486.8638200502205 689.205848094042 971.1113296747216 1423.6878702278864 1021.1438331766379 707.3152753708092 1060.433747166755 1356.4931084387713 2231.3064295315617 1757.3030951845042 1203.814023367803 4074.391424506042 1783.5696325041404 727.277330472308 1240.5950041229544 954.23033773119 379.2138687331268 250.72634020309104 215.47060453199475 237.12993597558548 180.08163438418322 182.09224175503098 209.49253167491537 181.22618849827217 315.3702964657063 258.9226554268794 385.1907034103066 859.9462946742706 3957.154188256838 4112.02422197688 3794.572277002929 3185.3057054054225 1618.2537480882272 706.2560155475269 451.3841928378939 1005.5903975395366 1172.9464884653908 313.2235949647479 369.48535807671624 515.1491825725518 235.34514270469026 256.89811853297704 1093.964743605715 1550.6727776108578 1759.5183838249432 1494.2560814198816 1564.744579902432 638.8377389920519 690.8461974522859 454.9412505264964 207.99349089846498 329.4537505957558 548.5716092390774 179.68882120230614 121.6122554876529 155.1600182028501 390.1643147803068 270.09880926434516 297.8621163746101 609.0809286456742 359.000323793536 422.8425840423 286.284401924945 115.52800356176756 87.56889078659002 93.63975706170179 67.06648116442202 97.1136539402872 88.13134574533294 107.37625913347705 71.72272875686623 121.11274406347786 90.35295914478789 195.63208488784758 178.4722609999778 173.2927585434099 153.09248823375174 137.27708793450253 401.28509052082336 394.83052890397744 119.56441573878395 161.52612789806176 246.02737258662228 244.7655212331892 140.70546542263213 84.10092185781922 86.82018791189384 71.93909725280784 90.25781513515274 187.12154816694076 97.88572471492382 106.97074195695468 102.00070548715003 92.51493060487442 133.78705878258143 205.77638167282387 161.00082153177988 284.01595100506694 225.17794398370535 311.09837098401283 384.3480174860715 69.29640587292663 196.9533515281294 207.128833191374 294.109697124983 185.04937915483993 130.54149612905044 137.20341704724376 215.42287207666675 810.0610562597019 1272.8547696522162 1603.612133866583 1383.3560425056075 589.6555450851397 305.03461525079365 179.01657937904557 140.8997487021615 87.27156009781936 88.6732966664338 223.94286562922338 359.2074919353802 338.32165389361774 231.38213327384048 393.73433562564225 687.099785481873 421.91937400312577 817.5674292851758 684.4941224679036 365.3805374089328 398.051254395864 752.2596652527161 1011.609167928566 1394.1262176305854 1152.6830394849808 427.2523077173565 220.75865855228622 213.14569876133402 856.5380938800128 390.7185151184737 278.0799744333756 446.7519651674581 
9498.872853133502 6115.043796482172 3803.213866106003 3152.493254355311 4632.316207788765 6426.289491959743 3100.7820916870496 34897.280876192395 66943.40375169087 244675.638787914 70097.90323363914 38750.390070589645 28939.35455027669 27970.696757182093 19061.849466230702 15124.089993482841 10612.954605322415 2998.3575573311523 3900.579429479588 4374.724672926049 4337.075855174765 616.4147465957114 824.3557078013167 931.0241006744025 2479.8175960617605 655.7213833392761 1013.7231124697996 1398.8244282981702 966.3441625710662 751.1927471556738 1061.9068351236156 1334.9153022050746 2175.6978753538506 1638.9668600191872 1202.9170019864237 3994.755270779387 1586.236367741852 710.5490416305357 1222.1311580335625 954.9580743278165 439.45847183467197 244.36773724368058 204.70731866484175 229.65559484455554 216.58969458822241 230.6280625177976 203.76919933667574 214.73740647827373 305.10175094226184 298.5338880945823 432.2543913498488 854.1472350226668 3738.4388930951673 3804.635359330379 3535.90600854131 3153.2254064266363 1481.3499080393208 705.5240951177245 464.267227971088 1057.0513265793325 1170.4685892294929 311.0893202258365 396.38049496949424 444.65198157437385 267.08734206664633 264.08150733118447 998.4455599895789 1428.238203028445 1551.311828386121 1594.4626929213036 1428.2867819844646 559.1763356792081 718.9632820626498 535.915283738031 232.5781291333027 357.2490008001475 485.0285994655239 217.25899763811387 141.64898210633513 139.43362025084258 422.6354719025624 210.22049934316925 359.0235541137157 573.0842416310782 369.47034867165996 423.0858322050296 247.99321852538665 100.70496442664249 80.4817419273578 97.21737098376906 82.18485172937069 80.32862318404108 100.79835251875846 112.36165069197827 91.82613333518277 97.39696322221982 95.95789877157043 196.144512806606 201.7622593009133 161.44953316984694 153.8615801784526 168.22258931518078 340.3074310399287 327.596388056074 117.21364960848521 134.08698905729202 242.178691980574 242.26040751299783 125.2651568605386 83.97421031591752 69.99441515236741 62.968479065379334 112.18411871989593 201.71782571229596 115.50883400047704 122.53548880429635 78.30954171212223 107.55613807208194 152.0224923419539 218.54147765651717 135.63977170281936 294.7231168400026 188.20412354996256 262.2974153785891 366.1338997989107 84.91745419119974 202.73508670802508 189.58203031887538 271.18151162885255 222.08834048767835 114.5038656692058 154.54586187267017 222.8254413803304 646.7906293906628 1174.9841614657266 1473.2535764371269 1262.1318641298005 583.1069686764258 276.6095059957934 168.08958171203656 130.25370156776873 87.24430601559955 97.37275906064723 261.66093439646227 381.71976763505006 280.8979535556695 285.08212132008606 340.3877432900036 604.7784146147866 423.9645808989357 717.8421807983868 590.7542390692215 337.9214713563479 328.7893739329845 694.3448708650644 1043.314834761318 1345.3334011527697 1016.8597702200015 404.64809004350457 213.41249404612404 200.52941731002255 854.0861175143764 404.2811429225408 244.6160961450239 432.08653066903315 
8025.261439137069 5867.401152203338 3308.2658835579086 3331.1406456553223 5134.430556468554 7068.897785078353 4131.468974407601 27912.57365526337 38513.11290493516 70097.90323363914 229409.44848795445 75645.72661142258 35146.41982778731 27127.068683152662 17784.385775037907 13413.178540096571 11283.114487710109 4220.227620117317 4348.439231057974 4895.419626759566 4310.795533364464 701.6871522844406 1168.4619836509216 1391.1993343528795 2707.9328958172564 760.514925180654 1155.6480375223152 1338.2085555209371 1198.6642983653667 953.284175779398 1385.1040523413317 1699.071250582306 2177.170478313976 1752.7889214078011 1361.668636652982 3385.4656870136837 1744.6797503276016 969.379705711881 1254.6713452815186 1107.573867348333 517.4388125491656 288.3934553166167 282.1542046845743 305.31489748240045 232.2450115573727 264.0118454146743 258.6652055914387 247.9911384399098 380.4009206880712 408.78524468588665 605.6123785718132 1334.507525806482 3509.7969926292585 3452.539679176784 3239.5978009644396 2745.6693815389062 1844.7446648742118 1083.523323584653 805.0298742159586 1302.1928218202138 1239.1723988084982 441.58320447791135 528.873734549734 599.4700648701748 370.73737465515006 446.4499975699078 1007.186373532884 1322.3489170159723 1465.8014397294198 1541.066966373141 1599.603380555573 884.1134557714038 903.6998638523071 657.020359742018 345.49838257520844 416.02675760834313 489.5111215077644 309.0160811406355 176.2657141156171 178.86889466193028 435.29373016212867 295.6926001350656 370.4230255281417 581.0897921720648 461.4031137432 454.8632179521929 281.48767819467776 130.3409583699831 107.2635600593632 142.32892124332702 93.6757185783001 99.20482681975446 118.57745849521616 115.74352010737908 122.4764338971347 126.4102757574585 120.71045445069913 218.22301823223947 234.89987448208484 218.4600246669893 180.0161928222952 174.95126073010493 357.1974969302883 340.9815944454507 201.08686110584568 201.80050362300312 273.23921380575916 253.2616209017454 157.24888813097044 107.72419271833304 95.79300375300708 97.67994116335386 141.10816758741888 247.95250308442382 154.57935890196813 144.59720038663184 115.27726640447663 146.65981336872323 156.4388630220843 242.83249385959658 194.85846230427194 268.8214145362815 265.05647344059247 336.3384609582321 419.6631472573953 120.87220481444395 215.54043320131 235.3260272959232 350.0304881256254 264.3596477220953 183.5808958387946 206.82054715512763 325.92577617049955 726.0877048804722 1035.79552133877 1267.5304199636307 1064.5068818402524 639.2973357489642 422.2627126543283 256.90797008371493 194.98580538570033 132.1961529542788 121.11794680709022 285.8985276416757 354.9768847668918 325.7894153823199 319.02511135646864 399.5776125277353 617.1597421132583 488.7218178235559 653.1900659797059 639.0482306982125 529.1002309786298 505.7606272100401 729.597992507515 872.4549210138239 1106.9607125986856 933.8578012586257 522.9527518407441 334.67334210412645 331.2754313464431 867.5608098204552 551.6364490696786 353.40655245838803 578.5412772467319 
5875.298759489466 5702.458374137916 2613.2355106325354 4354.765447628131 6028.819083315248 9158.8905329191 6154.358169258375 25345.38602580063 28043.585873038428 38750.390070589645 75645.72661142258 209680.5477102837 66701.96701694056 31216.466414030292 19026.466873229027 12815.362365974273 12883.062541728534 6752.210180092643 5845.73788103352 5736.245544686561 4764.293773114894 1103.0365825849458 1648.460835110151 2061.719222343057 3174.2253279739116 1129.1365307907338 1508.3009286489082 1615.7619975616735 1592.1474390763324 1371.9907467102169 1871.9248907232704 2079.403529407774 2290.620582845473 2028.5133639553085 1848.449852547437 3072.8518084166117 2059.847357042635 1412.630030077617 1486.9332296205648 1360.7230008259032 762.8396898392523 458.91782347643124 411.1345568297811 373.3394918570532 362.57068014840763 370.0100239841833 370.42637253096115 350.4531489970793 502.1533228970529 563.4332877997812 938.4182145093554 1939.560723787669 3252.5059306770936 2738.0203722522215 2657.19852233021 2439.7813472029175 2160.2495931638055 1541.2451979578923 1170.2900596044694 1549.4679523454595 1414.0656203478839 783.594325863067 809.2655977405078 814.109742000863 640.3642814432069 689.772201941143 1230.1833211611408 1410.4513098766317 1536.0022841136204 1536.562628689531 1546.4697004522525 1151.4615013495522 1147.139983556853 885.5307035495324 562.2636880699594 574.7595583566499 620.3791905028987 406.8607117840832 338.0894320839355 320.27205345110457 546.6872299586751 438.24184972859103 476.9331216530312 652.2762329409996 594.6158746338509 567.5472910609864 366.60988008254054 197.61132587075022 191.17564069073114 147.54625985914072 151.68048051735073 152.35054594819 173.30572675205053 182.21255878901223 165.4698738444547 153.86062721553571 172.54919094295252 271.54330650557654 318.1493482401527 257.5309478596137 264.73979014144123 319.36229084316875 448.95257266547435 397.57767202078327 340.05336674349036 267.8548630211518 331.73555673626555 320.4044734871468 219.14858417088612 146.5039230711629 130.41076597910842 114.76988390123077 185.59371062767892 293.29180746977767 205.64872626017592 182.2006386814719 150.74802356239968 166.51864010957812 255.26635240459134 317.45814289145596 295.2069357187999 380.4856483445257 343.8911259073749 447.7709657748113 497.30694848423053 218.8741867875496 286.2843958706526 318.2094706907624 407.96941921828835 419.3320260716684 311.7851306469677 327.23097553116776 456.5980996569982 769.507118795305 953.7237665956059 1082.5253231022957 1003.4515231146004 735.7507072351463 570.9965618008438 371.73163000072964 302.3464702728847 205.9966269153233 199.23810230939674 380.3526451837401 435.77265231625523 426.7589577579775 477.92222599364425 466.5741786645183 603.4257705461355 540.4903451043689 720.4050805568487 665.0206464196716 665.7743952049783 622.5369489856909 745.1492845787947 767.4842996689719 973.0476827738594 1007.3370413947032 680.4333462984819 517.4193279829776 531.4003275284518 881.6473452279865 706.363442660491 479.43609660506684 708.1557914083374 
7318.036201576197 5378.17365346889 2382.9626762070234 3218.439197795033 5226.596029393073 6642.690141757125 3853.125575021265 21617.366079761807 24828.66197679784 28939.35455027669 35146.41982778731 66701.96701694056 227502.61154710388 62511.35802112322 27666.402582527404 18327.128764591238 14579.877270661429 5379.997159807978 6477.9147401837745 6161.711197345414 5584.285737019312 827.9839630030173 1496.4424706765667 1789.0139465675256 3596.672929611733 1181.7082022043232 1548.3426645522545 1972.5844948441159 1503.8550624001646 1130.3753064734924 1555.196413013988 1808.2262743433796 2450.2851410737208 2025.1265753089374 1668.8212181617905 3793.896872044384 2098.3424316610685 1226.6095050955646 1606.9276743926891 1424.1492359155304 650.507783712022 407.87836743462435 310.5418887258966 327.0586216032988 310.87742302349454 288.786399432585 325.4848766295796 295.4758852612437 504.77882302870074 416.61630080819117 735.1436728303671 1414.6037388041805 3523.711362863039 3413.5087983124345 3046.8012788033543 3038.3361655676626 2010.3193769686513 1121.2295026531183 840.3223259196708 1270.291087473412 1350.6397373286675 520.2372602066698 641.3845511904431 713.9142494122084 446.53984739484224 523.5030824713469 1256.8445863966745 1651.9560098272161 1632.5886947091785 1527.2442253380696 1572.9451591842862 871.9008722610837 983.6310958470358 761.4508514757778 420.85412142232707 545.5227938578388 653.3426797808024 333.2839035604291 233.1924969042438 276.5757482953043 571.597313885221 358.71841123364663 469.3111647854196 772.029848318031 528.9921010466599 541.9793855895647 379.87709633673444 178.15978861909812 112.4071234206215 126.87771818958724 133.696894219871 135.0936195877561 156.24667011656683 126.41833739199711 166.31992126880823 157.7206373438135 157.57361601145374 275.0331106032063 303.35604753537274 293.34417888670765 251.50693998633574 286.1290307612368 443.50779764679197 467.6102751572689 243.84674476472892 218.3900718672662 274.9429471645369 299.33215947326977 213.78834319033643 131.30389078845812 109.79500412352533 104.90089880973082 180.76415505048936 231.80927955516452 166.79826086120968 143.68025839157374 163.4055170086222 155.99562623319787 227.63812212462483 294.7020412872142 215.42211112878854 352.84181204494257 344.6395375906013 414.0787646019346 452.0981712967775 254.93523322552778 281.80738825354723 262.40233383710324 396.1842049375426 318.4576508785357 230.37575663562563 253.38101024276318 415.13022341169 905.6129757225881 1145.5273223471213 1484.127277798847 1312.5735504750116 843.4712203780153 500.81953655466657 310.8122067782949 241.15315077507435 160.984731090052 156.4529614197177 388.58196954726196 488.738181106471 458.8537465452374 374.3975714792881 515.4658745185144 718.3271079640122 551.8637302218063 816.8083245730639 633.1008042166147 459.32942851105383 501.56511452916425 839.9204692036146 935.6674915105866 1184.7782621081296 1044.139524604829 645.7471417275048 392.6203236348189 427.3041784987759 1002.9727794767451 687.1763385828427 414.41252247165 677.7017811217589 
