905770.6298512208 173025.07917834993 30621.228111147557 25672.94263315975 19855.063711844487 15237.725264028919 11440.07983712459 10553.271744434862 11450.096605977997 9016.361996913063 10646.93440578338 8604.743953793024 7563.874070175703 8905.23983939248 8005.08603967416 6914.205838921769 6405.734174570924 7820.153461088246 8779.738012040014 6860.788880433935 2838.7002682526236 3070.4010095134304 2351.9031732787835 2733.624632825636 2385.836801718111 986.1847480123994 1854.5180608594742 2079.6661748396286 2942.0309051091654 1694.279434784971 2042.8804636646005 2984.6160863832447 3318.738429264892 5271.730708683637 6167.268814208522 3348.586176784916 3942.372563456772 4961.265254228223 4765.125694760373 5058.487814422809 5547.352034475675 3812.9101808974574 5032.967073510298 5922.251161932732 5945.285941228811 5141.1973726759525 6088.722992371701 7682.82822459374 9012.602721672207 6570.661313765495 4378.7364041148185 3827.3006659985695 5490.161182655725 7536.3445753457645 6498.795593008558 5417.597288264428 7619.46657941274 
173025.07917834993 832713.4559763069 162487.31267680074 45858.27786478244 27511.025107244277 14977.413013864068 13083.413832775652 10770.907320901337 7207.957069950608 3515.9854101510837 10150.40098731997 8413.738732262365 6573.846259841991 7571.063769566254 7298.769760594943 4815.15211476441 6165.950645654679 8574.421201888958 9910.266577332794 5132.976085405084 999.0229550521328 1181.4425506572593 678.3524567408112 844.2939055356493 721.6474820989961 265.9246083343943 460.6427383600852 503.6731794684422 1164.1500151504788 478.0711920177455 637.7461692265402 1344.6127955093154 1485.5241049374117 2914.735425757308 4167.549340556493 1354.6609686172064 2228.121061472164 4576.42693339784 4293.7340977723 4206.236573658209 4359.987300735163 1584.8139674444976 2548.6631543510703 4892.897698990707 5996.324347444765 5584.8900698596235 5230.353058816066 8140.046656949576 7475.8138063844635 3401.698288694742 1788.7506017349997 1711.960641675455 2166.927929725665 3924.936840675703 2300.3946221435817 1514.6278699891518 2568.731018979312 
30621.228111147557 162487.31267680074 876371.6640171122 158523.51248556236 34640.896995643096 15555.143358409048 14672.694427080763 11629.816631138845 6624.253375177003 4059.5252235506327 8681.307623344142 9088.512549134717 8308.913623373306 6338.534945493036 6565.149284882183 3971.5866895295785 5534.07073635025 7049.533253542838 7465.770278278928 4131.331798271355 1145.1012538732045 1372.207313848076 792.6720891615304 1087.8581241485426 906.2200023406205 349.8092714856876 510.0873305987835 483.3098507512188 1040.5530681032299 374.14975258121666 518.6052081320046 1093.5120551613606 1255.5792269342037 2631.7629512458366 3203.007804974016 1693.7847586546095 2022.5978782204172 3624.0076840404963 3914.0723275706196 3211.0184049543786 3282.9967222684136 1313.1129708580731 2805.2837630462436 3829.997111726642 4684.896874310123 4574.6831889561045 3992.3951419956334 6279.4260750521025 5350.392314934361 2585.889159099335 1980.1836916334387 1869.1255683268344 1782.2356411557978 2833.466381169742 1709.784377406333 1429.4837030014307 2512.384266714566 
25672.94263315975 45858.27786478244 158523.51248556236 791406.8928406012 159306.6137412833 42497.23471698451 21951.013873377 15133.245302274652 10891.938109321143 5398.685118341058 10019.377899452555 9234.36876704192 6718.109043412223 9519.892372615956 8566.822678254768 7595.361186614182 7565.563781508753 9161.273512553375 8626.362694884765 5411.052814283201 1182.5197203935327 1405.7391790988552 919.3265336871052 1092.4170579729798 1010.09869872292 345.7477542445124 664.0488064881177 652.66919359564 1380.3258386705384 638.2320529363478 821.9784576515754 1757.216223485697 2043.2549715735972 3039.841313994513 3918.058799883268 1433.5797594475582 2559.415795838261 4638.004174295255 4930.4477763421555 4876.965692298589 4936.379286582124 2349.231647659635 3027.16311093188 4882.794178297687 6594.128538560251 5930.987941221863 6450.087956895692 7704.148985460286 6838.584983701047 4322.368310944668 1994.7670514887243 1616.9759098442878 2240.626744002999 3519.08874546398 2142.136129084343 1486.6360182733604 2284.9201336251967 
19855.063711844487 27511.025107244277 34640.896995643096 159306.6137412833 765111.7406737889 176237.73999043254 37043.20040435018 20992.280357922136 14236.257267547966 5843.992249146023 12175.823636214891 10455.895390725516 6771.184795925165 9983.667610514176 9723.564129452034 7568.689770292931 8222.07062113749 9698.91269371208 9605.4384020123 6144.353454229087 1214.7975635042176 1453.8178352299863 875.8633458210148 1134.1980560281118 1021.3560095903357 308.8215917970326 644.989052095697 651.1826922678853 1622.2373538963452 617.57400430236 898.9008731397798 2230.3973119902366 2370.3984634157205 3343.1996471233924 4208.639655407976 1346.5321102637338 2791.2808778002536 5165.1468662029765 5290.719111434336 5370.175649037147 5548.704154154864 2568.981544712145 3260.0635864338287 5348.81845241926 6934.853239563759 7013.68797516883 6832.040672120362 8256.886475019637 7084.535982948802 4486.414367999886 2020.0568572743402 1559.9926574666501 2183.358694437295 3625.739682034921 2128.3617372985923 1417.8596006084342 2128.929141693507 
15237.725264028919 14977.413013864068 15555.143358409048 42497.23471698451 176237.73999043254 785963.719193849 133310.42243627764 32167.87314193697 21801.197891696524 9776.124105069694 11509.29412188203 8585.109844528257 5692.51609296423 12197.714182525331 9862.42642869249 11893.41623280424 9078.975915834679 8903.483583256553 7863.442782130607 5656.706678550468 1748.4138574292492 1900.8443373460918 1471.4593600295877 1711.3712722370549 1534.731175142059 633.834602979174 1258.235813262192 1498.0422547314156 2642.9900324682194 1419.7923747849327 1772.326613519301 3370.3919907686945 3871.726434049803 3646.8939620158744 3785.046725225836 1517.892946721655 3021.8597858307207 4841.237808930757 5064.375983819863 6216.068759790439 5961.664121473089 4648.067076687161 3359.6753682531657 5047.134373097385 7299.9160289946985 5830.483857746205 7242.078719024356 6245.600381033396 6653.145423961198 6073.713613421104 2294.428641534332 1654.2135164618282 2668.651385861894 3896.6938372622403 2678.6124422739167 1742.3388449450974 1953.9251073414898 
11440.07983712459 13083.413832775652 14672.694427080763 21951.013873377 37043.20040435018 133310.42243627764 856163.3321534815 143123.93806483256 28113.058623660705 9293.138233173007 14844.52199263996 11650.821417606408 9016.22150546141 8790.438997639114 8605.62390607828 6175.5332365301265 7408.743923689346 9327.767798466113 9490.952934724568 6172.474283346595 1662.5338307046027 1989.2523500481302 1217.6706419590553 1506.2075251151753 1289.1211937823143 444.5455753768357 790.4132270684144 790.7074563539046 1692.9522434516025 683.9104817645649 908.9031674322617 1976.96351188154 2174.7863225717656 3765.6711832742153 4209.140133695332 1852.762473097801 2970.148514806408 4953.216937107702 5076.341038111405 4191.791190085933 4272.128971377113 2134.332671884058 3191.2954445042446 4714.050770222567 5358.196653576959 5241.24125549489 4931.5898039253825 6334.746865919006 6226.190055908918 3865.5907700902826 2396.428064274862 2057.088441133554 2350.9085296456606 3564.692646710153 2011.518917860391 1556.1763444148146 2420.643739787253 
10553.271744434862 10770.907320901337 11629.816631138845 15133.245302274652 20992.280357922136 32167.87314193697 143123.93806483256 856732.3127495018 117130.12398872459 13906.50361403184 23169.929074844666 15197.297393209503 10255.489536137755 9218.144004356704 9007.954987488973 5928.204903855878 7169.262743468015 9286.21439585652 11219.10836893621 9041.988254955455 2004.864441591266 2431.0986904022984 1359.749135887034 1769.533539474499 1535.211115249224 554.3959824462352 983.1083945820768 882.874868211018 2179.8908763916284 758.350675304138 1170.8745273937561 2786.5932044057163 2869.944384887516 5201.7779429010425 5592.081806547195 2238.4274463699235 3813.714299493488 5902.979421684723 5568.534284685558 4401.00693699238 4914.048371981384 2162.3489922799654 3835.987704613507 5471.1447463076 5396.476401407989 5003.847795640809 4577.511294729977 6485.200726949706 6536.037415016101 4656.530653193456 2878.9040418910126 2633.033434129643 2968.4276279556366 4760.584937020709 2469.14182777082 1951.9885127616353 3170.7618554248425 
11450.096605977997 7207.957069950608 6624.253375177003 10891.938109321143 14236.257267547966 21801.197891696524 28113.058623660705 117130.12398872459 697672.8501243542 112350.80432069553 40117.42501627605 17055.562291342143 12317.923243327554 13481.49654083844 10415.30070262549 9550.693024917644 7890.891592948132 7615.2261461942435 9699.442108564135 15395.863344563593 9728.645345486324 9671.9427386864 9324.641291067792 9160.973507327577 7989.396238209579 4041.3799954743918 6918.726097187762 7469.4516555901655 9313.213125873006 6444.647021366957 7245.1387651290615 8401.950526376382 9081.527885608119 10883.057895144439 10503.416227205356 7678.239578613959 8847.674025149225 6579.194662891455 5453.871853506714 5791.729309922603 6587.928044707289 8152.918436939145 8421.802831211202 8328.670210370483 5233.576443519034 4473.846716616749 5315.960774846972 5233.409863342271 7113.4967584115275 9650.743584968735 8225.920965997057 7774.193365644817 10650.036056652192 10273.808528567773 10752.620081789444 9087.980739406652 7308.904415794735 
9016.361996913063 3515.9854101510837 4059.5252235506327 5398.685118341058 5843.992249146023 9776.124105069694 9293.138233173007 13906.50361403184 112350.80432069553 676373.6706336832 82701.0157299609 23848.382349216598 26044.506236426078 12469.60115458482 7961.812765768227 8605.240765285891 5460.4937819150255 4465.950361959276 4597.908495946887 15825.313034293456 27343.850963484343 25493.05950953973 24558.41121715393 24965.036790227558 19851.292914603604 9856.561922967716 14231.964167940634 13337.73392187804 8221.907996385504 10865.673324688765 10980.113962308384 5774.972861567813 6561.064816362234 11537.719806223056 10493.44706505517 20806.332831411175 10291.23017315851 2846.577047059495 3306.4154209023814 3393.307517332678 3285.6931664857725 8068.072794916685 12273.387273864651 5406.702037475954 2622.3697106972927 1920.4861222774973 3331.114453713676 2553.2322409435915 4364.734878696556 6400.018829623227 15944.198828326316 17475.717214347143 17276.188357142153 9007.097386584583 15976.810577904822 18921.56436595101 14173.759950180975 
10646.93440578338 10150.40098731997 8681.307623344142 10019.377899452555 12175.823636214891 11509.29412188203 14844.52199263996 23169.929074844666 40117.42501627605 82701.0157299609 817304.127231567 112675.76995457539 24309.40965407335 19053.68995394063 15313.329079662895 9173.840928863716 10350.730240685603 12568.806255391846 17589.18707063236 17950.771624623205 3771.539143975114 4507.798345367754 2315.701383202491 3137.6087256037636 2609.8113462084134 869.5678373741308 1752.9529463971217 1805.5868878807535 4409.455521423133 1360.9819187375742 2137.9435276849845 4407.854432282423 4975.345374574305 7972.201009735154 10397.705865887114 3369.090121409084 5648.682061498814 7864.72247322332 6028.513256398644 5531.876929294265 6517.052318806238 3620.516624508481 5557.87396262176 7758.993511423347 6445.6110207003085 5839.069343447594 5301.695608816895 6964.963063728274 8265.845334451467 6639.8602096618415 4407.0790727915655 3952.2241392079 5328.391528449183 8288.605959796001 5201.559398596967 3444.8042307339115 4924.4765811573125 
8604.743953793024 8413.738732262365 9088.512549134717 9234.36876704192 10455.895390725516 8585.109844528257 11650.821417606408 15197.297393209503 17055.562291342143 23848.382349216598 112675.76995457539 767752.5695915151 192281.42530441147 27851.95585473631 18435.46575705986 9459.634543164864 11143.763765240936 13439.556856280802 14713.254894484207 13252.91205348269 5293.302131960484 6050.674859564085 3674.3547352391815 4750.741948599517 3779.7803212937206 1121.8523093086735 1808.3652368373982 1580.4947770559643 2453.3613124973103 1208.7037775658407 1605.1146049750987 2570.3118000973263 2969.783599152763 5672.969930043291 7458.3314174754905 5729.445901140772 5130.427950878024 5587.380660642751 5782.369548819971 4389.474502932282 4224.64918568952 2450.7719480652136 5947.2572449143645 5969.0966249607045 5334.300858639961 5211.714191091935 4639.288642027276 6350.086242146426 6117.565624204369 4275.0408823316675 5495.021841885004 5504.770500243422 4099.3698834453435 4752.589446353873 3443.755971590686 3530.0687056330207 5896.063425803608 
7563.874070175703 6573.846259841991 8308.913623373306 6718.109043412223 6771.184795925165 5692.51609296423 9016.22150546141 10255.489536137755 12317.923243327554 26044.506236426078 24309.40965407335 192281.42530441147 798647.9313057853 86825.03220800894 25043.612632039738 10251.261109560162 11024.88729887463 11832.842687936733 11057.428863211997 13037.923654035209 9565.037745460506 10014.100599830124 6195.349750498824 7877.529687038407 6087.425488988871 2174.840871789397 2610.8410375506287 2023.5211857297973 2215.9270662032127 1563.478759851448 1813.590698361875 2007.4906306317512 2254.004994563879 5040.465329900142 6748.624530882212 10508.545695922836 5511.738579215049 3987.3261520647866 5035.507565521797 3350.497636060181 3272.971096546889 2118.558397335598 7504.8018780350085 4752.886599946764 3865.1203066433072 3626.55054760968 3306.1723278055506 5084.748333140785 4994.93640911073 3248.088455897989 8505.089282802519 8527.22387329267 4757.756814192065 3809.3033672547617 3831.2335737949816 4790.323574761145 8733.567979559828 
8905.23983939248 7571.063769566254 6338.534945493036 9519.892372615956 9983.667610514176 12197.714182525331 8790.438997639114 9218.144004356704 13481.49654083844 12469.60115458482 19053.68995394063 27851.95585473631 86825.03220800894 727720.4862243206 188775.9073546544 62914.53090368803 34937.96735715004 22885.934179972395 15223.249000797865 11361.22917197762 4284.586381065305 4596.283230978518 3611.670163795335 3900.560890220153 3404.826073060843 1305.9769140553547 2518.736392427035 2710.4965427317525 4226.714977188125 2447.648873302562 2740.9424007498396 4483.311544074665 5185.171746867612 5407.654132047355 5254.432871507566 2595.344513613724 4555.276590966459 5678.258447594881 5538.330700078761 7058.911980983986 6764.389956714674 6120.650181881859 4699.51912838831 6298.79869260283 7106.008409949857 5559.79819734659 6759.257175054472 6007.275469148837 7110.137772513942 7335.4372288997565 3482.5929175196916 2657.5408639829625 4113.843571047568 5067.473220459796 3993.2640838917305 2768.7315028714397 2901.1916670661935 
8005.08603967416 7298.769760594943 6565.149284882183 8566.822678254768 9723.564129452034 9862.42642869249 8605.62390607828 9007.954987488973 10415.30070262549 7961.812765768227 15313.329079662895 18435.46575705986 25043.612632039738 188775.9073546544 734257.4975619469 138576.40891601064 55369.628426645046 29591.215894469093 17383.21704015763 11939.591319222263 3514.326344243348 3941.544627874476 2653.8182365601165 2922.1829362309027 2552.793840673972 914.133185517708 1604.8948921872607 1606.1587439081175 3376.481071263126 1504.629113811444 2000.0574543990076 3760.469466647005 4151.525257222632 5016.490488068612 5054.459233027974 2231.6325389488234 3929.1601898563104 5486.791034938831 5497.6592871253115 6048.901496835093 6248.526864548438 4409.292414065402 4379.795441034089 5680.522365917039 6462.028836541509 6017.825666396445 5999.074531651892 6159.875382727341 6548.59327621099 5419.865832170404 2860.952210513724 2324.1629722637963 3052.0304108524383 4406.020697008978 3006.5615102454353 2058.5118415854877 2637.6640424868638 
6914.205838921769 4815.15211476441 3971.5866895295785 7595.361186614182 7568.689770292931 11893.41623280424 6175.5332365301265 5928.204903855878 9550.693024917644 8605.240765285891 9173.840928863716 9459.634543164864 10251.261109560162 62914.53090368803 138576.40891601064 757589.3270475707 180648.4043888063 40957.68001569943 15045.815200228188 11051.199480226027 4444.6630675824845 4267.57803476373 4050.8299934007937 3685.947555359458 3253.9578649312984 1146.6444902733263 2566.952883461351 2994.0333379084827 4542.001718032381 2911.8996900590696 3185.0923474382885 5385.607026551367 6234.172399245756 4743.980982311239 3896.049473996727 1951.412589999799 3531.0133473023743 4605.81778767476 4835.012069999876 7189.776696627862 6835.52483840976 7806.939268897815 3716.248788384045 4863.031141831451 6956.0408697782395 4726.87766114007 6776.976791967049 4647.2552746828915 5908.321534439296 7280.717025307032 2585.215313052699 1795.1909107594665 3388.7547305943854 4458.584623717159 3388.7647313764382 2071.1686499322477 1832.489630196157 
6405.734174570924 6165.950645654679 5534.07073635025 7565.563781508753 8222.07062113749 9078.975915834679 7408.743923689346 7169.262743468015 7890.891592948132 5460.4937819150255 10350.730240685603 11143.763765240936 11024.88729887463 34937.96735715004 55369.628426645046 180648.4043888063 740693.3479290948 172881.03004322114 28808.872918493093 14529.623710208783 3746.530580157745 3888.6442304243233 2642.3604351533577 2746.843621850109 2318.4754803898577 751.1527724189531 1423.0551080827117 1501.334692232556 3015.9909433509656 1322.537085445153 1698.4789060710793 3749.6739366226366 4139.654863951726 4644.9785852259165 4511.2525807170805 1841.4745359102503 3463.4224463064543 5354.5935813787455 5375.866125255753 6282.4694037348145 6139.44749708534 4110.261656758447 3606.1447889080923 5221.983692189314 6451.319176515054 5620.90737729071 6026.333108257368 5650.071312852263 5894.312282449686 5205.880499724523 2324.6144774038776 1842.3839303015352 2632.497206062197 3910.565942335801 2416.3065188134665 1768.70894864669 2040.5185589121754 
7820.153461088246 8574.421201888958 7049.533253542838 9161.273512553375 9698.91269371208 8903.483583256553 9327.767798466113 9286.21439585652 7615.2261461942435 4465.950361959276 12568.806255391846 13439.556856280802 11832.842687936733 22885.934179972395 29591.215894469093 40957.68001569943 172881.03004322114 778905.1015209291 135673.0152254492 22390.30905764374 4187.492705863225 4058.6042596289817 2482.088240259573 2687.5302670581586 2102.951311322201 636.2509927046555 1152.3879372581723 1123.4258499695509 2576.3457911071264 985.2668188637842 1439.5008909631745 3134.737199662402 3423.081083769257 5224.032109951422 6105.024561107216 1995.206013082902 3722.5698833089427 6703.039923938404 6527.380002571788 6422.367912178451 5995.127851953122 2902.636587663938 3394.835929192312 6088.420513529157 7235.5868177673265 6653.454063471199 6261.829008507773 7840.6534421294455 7066.929724384561 4935.515077659837 2455.598409886106 1940.8060599351732 2642.2637305749868 4370.294446360006 2362.7086659907727 1598.7307844409452 2457.8817049697177 
8779.738012040014 9910.266577332794 7465.770278278928 8626.362694884765 9605.4384020123 7863.442782130607 9490.952934724568 11219.10836893621 9699.442108564135 4597.908495946887 17589.18707063236 14713.254894484207 11057.428863211997 15223.249000797865 17383.21704015763 15045.815200228188 28808.872918493093 135673.0152254492 818053.3144700533 128755.33953342924 6120.693672757434 5920.348465744584 3100.4380480926293 3583.7644626854444 2627.037407924944 647.7438500598187 1269.8754301730366 1278.9134452902158 3378.214472375986 1036.7686900374708 1534.2320476175698 4290.71589051718 4608.732446741464 7377.579449986814 9238.476351882891 2499.63810758142 5188.577800087241 9012.016043427211 7280.710495722303 6557.943167226387 7145.0438864615 2674.906464470302 3989.17516121236 7511.350630546943 7764.754111827915 6954.067275178651 5821.196422556089 8429.252031662705 8265.88899961887 5589.876001235579 2864.2311066710163 2561.489495918948 3378.3499403327783 6148.160160956226 3194.916666822893 2156.637542989438 3622.5987317890367 
6860.788880433935 5132.976085405084 4131.331798271355 5411.052814283201 6144.353454229087 5656.706678550468 6172.474283346595 9041.988254955455 15395.863344563593 15825.313034293456 17950.771624623205 13252.91205348269 13037.923654035209 11361.22917197762 11939.591319222263 11051.199480226027 14529.623710208783 22390.30905764374 128755.33953342924 671039.2677452792 115691.73657457707 58684.34376146955 23211.507911781977 23028.00145271074 14638.914935627772 2686.686847900109 5353.962502624167 4831.128048488785 8539.882913552017 3546.3034905144677 4984.778073595869 8497.670127634938 8007.6662280638975 12436.427388347349 14817.094860228706 10414.42942941772 9257.895783063757 8385.286359503998 6381.001553086295 5652.513319225027 6829.153139582019 4530.68244231872 8061.023622283858 8228.076197240009 5425.114568038686 4667.790312281081 4515.564856676984 5523.19298451428 6475.281556603263 6859.197464632508 8043.213829016561 7994.125456669342 7165.857851106171 9060.127256078693 7575.045323376047 6517.239308976768 10074.221779359917 
2838.7002682526236 999.0229550521328 1145.1012538732045 1182.5197203935327 1214.7975635042176 1748.4138574292492 1662.5338307046027 2004.864441591266 9728.645345486324 27343.850963484343 3771.539143975114 5293.302131960484 9565.037745460506 4284.586381065305 3514.326344243348 4444.6630675824845 3746.530580157745 4187.492705863225 6120.693672757434 115691.73657457707 588937.7971019613 227233.6526044957 117332.09270752204 64091.53519261664 39879.41287536843 14053.230538626145 16606.918835772674 14290.77246090654 7248.907171839144 11974.336599081484 11878.485128185102 4517.346134756449 4496.642046753216 7881.5163947581295 6129.755489518915 16836.0518927776 6707.038645398643 1389.6949997475765 1556.426142994271 1418.986105825128 1283.9350310528039 4522.306688340595 7091.9218466867 2581.2101398767386 1076.4631674685195 831.494091715364 1319.1335891687218 953.3389607115205 1566.3243534863211 2466.808405561225 10087.55620334875 11538.01324392077 9983.385191450921 4190.610364043971 9583.673820015329 13368.460111477998 9633.659831518728 
3070.4010095134304 1181.4425506572593 1372.207313848076 1405.7391790988552 1453.8178352299863 1900.8443373460918 1989.2523500481302 2431.0986904022984 9671.9427386864 25493.05950953973 4507.798345367754 6050.674859564085 10014.100599830124 4596.283230978518 3941.544627874476 4267.57803476373 3888.6442304243233 4058.6042596289817 5920.348465744584 58684.34376146955 227233.6526044957 577859.1096132433 163428.31818013557 77406.95155914708 46859.72162374223 12088.393742395045 15382.743464892108 12882.696742791557 8072.478321262682 10187.893623296493 10526.416023599953 5217.985278306211 4910.209951146685 8303.300666378494 6944.417199501002 17083.48793131783 7269.0011072665175 1705.060456343176 2068.9432932241234 1589.3479983769369 1742.4338534427213 4268.226191906904 8016.2312777263605 2903.5659621656555 1246.1001316390373 1015.367002128014 1551.7293119841436 1222.1280386144772 1969.4870713737766 2621.73010919061 10025.334462172696 12091.82145166922 9212.833676137978 4524.754052516455 8913.490090190278 12054.249356145312 10034.553150550302 
2351.9031732787835 678.3524567408112 792.6720891615304 919.3265336871052 875.8633458210148 1471.4593600295877 1217.6706419590553 1359.749135887034 9324.641291067792 24558.41121715393 2315.701383202491 3674.3547352391815 6195.349750498824 3611.670163795335 2653.8182365601165 4050.8299934007937 2642.3604351533577 2482.088240259573 3100.4380480926293 23211.507911781977 117332.09270752204 163428.31818013557 580003.5269468637 167049.73656052072 92373.25681366056 26000.039245536293 25615.04393920419 21992.25265023957 7529.4530750103595 19771.70546350278 18133.53219304664 4285.2911260104975 4847.284767632711 6944.329307263959 4729.167400239436 13996.146965598673 5630.796555871767 983.5305627102896 1193.6538384237595 1297.9901582148805 1056.8577547687078 4986.427154625468 5875.762759055625 2028.400091029007 858.5172165981362 596.8320057997753 1208.7764207869886 671.4504130733324 1232.5709798620692 2150.9096154035637 8412.895683333389 9823.935111794975 10939.373558753068 3723.0815621986944 9967.321929185979 15932.176151048447 7681.815021243486 
2733.624632825636 844.2939055356493 1087.8581241485426 1092.4170579729798 1134.1980560281118 1711.3712722370549 1506.2075251151753 1769.533539474499 9160.973507327577 24965.036790227558 3137.6087256037636 4750.741948599517 7877.529687038407 3900.560890220153 2922.1829362309027 3685.947555359458 2746.843621850109 2687.5302670581586 3583.7644626854444 23028.00145271074 64091.53519261664 77406.95155914708 167049.73656052072 573561.6735024097 223978.55327392434 20852.49615661581 21826.845517401463 18651.08053195144 9336.119857385867 15685.740070557735 15176.352847193364 5577.469729936406 5671.666859107212 8410.280642427526 6556.644737139178 17251.535608168673 7300.51450963032 1381.313849360298 1681.7897423383351 1537.640704050848 1534.203710086125 5036.350843884297 7953.80596373487 2760.036440495024 1124.508966979025 852.8433185717296 1418.5265749483067 1015.7514543122757 1707.2976552516059 2685.8271833503427 10322.780883487054 12296.949757997923 10572.400969084854 4495.4341456466345 10397.734641478233 14716.158612032737 10652.001829080386 
2385.836801718111 721.6474820989961 906.2200023406205 1010.09869872292 1021.3560095903357 1534.731175142059 1289.1211937823143 1535.211115249224 7989.396238209579 19851.292914603604 2609.8113462084134 3779.7803212937206 6087.425488988871 3404.826073060843 2552.793840673972 3253.9578649312984 2318.4754803898577 2102.951311322201 2627.037407924944 14638.914935627772 39879.41287536843 46859.72162374223 92373.25681366056 223978.55327392434 748711.9760305438 22523.4409131545 20791.664026416252 17726.977092630234 9671.211281028842 15035.941330163172 14499.181806065666 5808.31654588577 5684.308193670793 7637.155730820717 5526.651226044667 13498.441439039027 6211.021880173728 1176.7624476259443 1525.6906964776795 1456.1724929357572 1391.434926870204 5265.086962231184 6858.160932858639 2444.5830491000966 977.3727641092989 766.3426300315789 1457.6183069184842 884.9865731225539 1532.9193259612778 2478.9533328330585 8360.670831320036 9985.3632239079 8996.507347150939 4193.412836546423 8719.187252069753 12186.483336324705 8391.164421985277 
986.1847480123994 265.9246083343943 349.8092714856876 345.7477542445124 308.8215917970326 633.834602979174 444.5455753768357 554.3959824462352 4041.3799954743918 9856.561922967716 869.5678373741308 1121.8523093086735 2174.840871789397 1305.9769140553547 914.133185517708 1146.6444902733263 751.1527724189531 636.2509927046555 647.7438500598187 2686.686847900109 14053.230538626145 12088.393742395045 26000.039245536293 20852.49615661581 22523.4409131545 933345.939128728 156115.2284518141 68049.37321386301 16574.302754288343 32248.64711125431 25577.183065399557 5770.083958484081 5917.78473232608 5996.479338206548 4284.789526396644 10315.463494693002 5042.486800604862 1041.2847912460552 1277.9543962534156 1336.9122705447446 1036.9266606099507 5099.266613497393 4416.181434224667 1757.0005384516307 785.1880930254624 490.2539250992392 1294.7467070349016 608.7790740765374 1149.4843487043936 2238.724679812748 6218.495815835299 6940.3657189176465 9129.421216726125 3078.0578469424463 7982.1994150266655 12286.766566834087 5234.143090430896 
1854.5180608594742 460.6427383600852 510.0873305987835 664.0488064881177 644.989052095697 1258.235813262192 790.4132270684144 983.1083945820768 6918.726097187762 14231.964167940634 1752.9529463971217 1808.3652368373982 2610.8410375506287 2518.736392427035 1604.8948921872607 2566.952883461351 1423.0551080827117 1152.3879372581723 1269.8754301730366 5353.962502624167 16606.918835772674 15382.743464892108 25615.04393920419 21826.845517401463 20791.664026416252 156115.2284518141 631189.5849325479 183419.53993340125 46506.24008809338 57921.66335773807 46358.92780397789 15157.772789694407 14719.124099005998 12769.048439714667 7083.141623107813 14223.548217351276 8390.845253822597 2214.38474772002 2230.3198489912925 2814.3809970688517 2393.7550291015627 10227.923999107023 7874.89691528646 3653.488846105015 1777.3254116670164 1154.9389155476301 2265.6772876017253 1065.1517915455702 2408.5125747213033 4944.672884185663 9421.849718730005 9963.002888888801 13228.187146649703 6177.47166870292 13588.613194515372 17218.162582635927 8007.043696789072 
2079.6661748396286 503.6731794684422 483.3098507512188 652.66919359564 651.1826922678853 1498.0422547314156 790.7074563539046 882.874868211018 7469.4516555901655 13337.73392187804 1805.5868878807535 1580.4947770559643 2023.5211857297973 2710.4965427317525 1606.1587439081175 2994.0333379084827 1501.334692232556 1123.4258499695509 1278.9134452902158 4831.128048488785 14290.77246090654 12882.696742791557 21992.25265023957 18651.08053195144 17726.977092630234 68049.37321386301 183419.53993340125 594306.9983028527 121513.05038090317 88255.90382657779 64987.18679151018 23233.250537558986 21802.51553919286 14767.653733414825 6971.488627038157 12277.769525393089 8538.532992402499 2339.134369417966 2398.997982850059 3432.244899162944 3008.050656293815 12881.505828465713 7409.474766928712 3898.4049548462854 2116.3147187464374 1197.7967462954987 2559.264602065895 1182.8143428546505 2549.68555364679 6095.247197709771 8338.148852066028 8058.522121055641 12658.008799261244 6759.030554360492 14227.397565946536 15744.317482042254 6880.989023461355 
2942.0309051091654 1164.1500151504788 1040.5530681032299 1380.3258386705384 1622.2373538963452 2642.9900324682194 1692.9522434516025 2179.8908763916284 9313.213125873006 8221.907996385504 4409.455521423133 2453.3613124973103 2215.9270662032127 4226.714977188125 3376.481071263126 4542.001718032381 3015.9909433509656 2576.3457911071264 3378.214472375986 8539.882913552017 7248.907171839144 8072.478321262682 7529.4530750103595 9336.119857385867 9671.211281028842 16574.302754288343 46506.24008809338 121513.05038090317 667376.9841545371 127414.98075984647 77600.8744350737 61988.3227973007 41425.5776405066 19915.64046806955 10524.329549334245 8185.861539566392 11414.319624995518 5310.944720519262 4520.5157885921035 6309.6401138491665 7128.793590766558 16448.31430371332 8718.522406492104 6853.378219323355 4225.213655328785 2915.772483314716 4381.17242188416 2624.2404444126746 4677.2951938741035 10011.20062581702 6880.288042716106 5503.429816452602 9079.085193450577 9591.759105377436 12301.884614342267 8777.79167664576 5912.714920642609 
1694.279434784971 478.0711920177455 374.14975258121666 638.2320529363478 617.57400430236 1419.7923747849327 683.9104817645649 758.350675304138 6444.647021366957 10865.673324688765 1360.9819187375742 1208.7037775658407 1563.478759851448 2447.648873302562 1504.629113811444 2911.8996900590696 1322.537085445153 985.2668188637842 1036.7686900374708 3546.3034905144677 11974.336599081484 10187.893623296493 19771.70546350278 15685.740070557735 15035.941330163172 32248.64711125431 57921.66335773807 88255.90382657779 127414.98075984647 583832.8048220124 226860.92789691692 48989.14006391141 33282.194730117015 16768.407854054683 6656.270144940387 11626.241794911282 8206.298432496116 2380.5154792385583 2335.507262744871 3536.213330911844 2830.460108862873 13677.876382124983 6444.212723532556 3615.7663437800857 2167.285596021377 1232.3829125563213 2562.024301368918 1188.3400359472816 2375.14172148731 5691.034372771516 6844.690588926321 6496.543755463441 11051.813557662956 5472.891180845725 12176.379697033792 14057.67912222013 5049.882011916647 
2042.8804636646005 637.7461692265402 518.6052081320046 821.9784576515754 898.9008731397798 1772.326613519301 908.9031674322617 1170.8745273937561 7245.1387651290615 10980.113962308384 2137.9435276849845 1605.1146049750987 1813.590698361875 2740.9424007498396 2000.0574543990076 3185.0923474382885 1698.4789060710793 1439.5008909631745 1534.2320476175698 4984.778073595869 11878.485128185102 10526.416023599953 18133.53219304664 15176.352847193364 14499.181806065666 25577.183065399557 46358.92780397789 64987.18679151018 77600.8744350737 226860.92789691692 570541.7441054245 111968.8032698987 44961.32262252263 21119.4365126803 9298.148997133861 13014.589401543193 10011.85374190348 3345.1637528962506 2928.9393492994877 4367.569850219976 4075.6574470297887 13985.438784310378 7706.819596010995 4685.740894987526 2750.033594534327 1769.2708356993555 3166.4467803435377 1576.7469211712485 2973.3842955987448 6571.654926641472 7567.288717468042 7025.4683428806875 11032.498907918885 6471.908423349409 12709.735523136456 13943.612547447652 5685.292760498293 
2984.6160863832447 1344.6127955093154 1093.5120551613606 1757.216223485697 2230.3973119902366 3370.3919907686945 1976.96351188154 2786.5932044057163 8401.950526376382 5774.972861567813 4407.854432282423 2570.3118000973263 2007.4906306317512 4483.311544074665 3760.469466647005 5385.607026551367 3749.6739366226366 3134.737199662402 4290.71589051718 8497.670127634938 4517.346134756449 5217.985278306211 4285.2911260104975 5577.469729936406 5808.31654588577 5770.083958484081 15157.772789694407 23233.250537558986 61988.3227973007 48989.14006391141 111968.8032698987 683650.2683279649 192278.21134237535 35519.605543058395 15124.60093649762 8174.768275578526 14216.310356159425 7962.871684980656 6200.854518326477 8636.034982211391 10272.608055432724 18751.148394268163 8550.060967031242 8024.454472842944 5729.633988734113 4292.020630749138 5737.988008716465 3513.8602623769802 5469.261622195288 10938.697656549539 5731.100010045894 4226.580739266291 7173.96552092983 8480.863284948144 9717.543587113412 6018.480419681044 4780.407929378578 
3318.738429264892 1485.5241049374117 1255.5792269342037 2043.2549715735972 2370.3984634157205 3871.726434049803 2174.7863225717656 2869.944384887516 9081.527885608119 6561.064816362234 4975.345374574305 2969.783599152763 2254.004994563879 5185.171746867612 4151.525257222632 6234.172399245756 4139.654863951726 3423.081083769257 4608.732446741464 8007.6662280638975 4496.642046753216 4910.209951146685 4847.284767632711 5671.666859107212 5684.308193670793 5917.78473232608 14719.124099005998 21802.51553919286 41425.5776405066 33282.194730117015 44961.32262252263 192278.21134237535 689008.8836139336 93978.28389905373 22388.329189025833 10498.46363318809 17071.146299188425 9186.380590270848 7174.199467097301 10729.890662482323 11432.758158823211 22167.79305539669 9908.203743913244 9186.43045882051 6567.488308530036 4839.254765912568 6602.567235334951 3893.085140424144 6415.050056421312 12923.172623733466 6404.310239413505 4448.936331717628 8295.995734690361 9277.671297554667 10348.46462031807 6853.031349932762 4911.35682328026 
5271.730708683637 2914.735425757308 2631.7629512458366 3039.841313994513 3343.1996471233924 3646.8939620158744 3765.6711832742153 5201.7779429010425 10883.057895144439 11537.719806223056 7972.201009735154 5672.969930043291 5040.465329900142 5407.654132047355 5016.490488068612 4743.980982311239 4644.9785852259165 5224.032109951422 7377.579449986814 12436.427388347349 7881.5163947581295 8303.300666378494 6944.329307263959 8410.280642427526 7637.155730820717 5996.479338206548 12769.048439714667 14767.653733414825 19915.64046806955 16768.407854054683 21119.4365126803 35519.605543058395 93978.28389905373 672371.4147566349 141084.51570495122 32010.92382985567 28173.548545520985 15636.732490938513 11214.93681191992 10535.860086617311 11883.361864610137 14352.604751515357 15149.103227540638 11470.326726357029 7019.691735058246 5529.776650853468 6400.339957298995 6106.548996217628 8735.13327038955 11501.856738750204 10958.025832704889 10110.130087680025 12010.880788283195 11827.025322889453 12660.038508955251 10522.72668935663 9963.619048835706 
6167.268814208522 4167.549340556493 3203.007804974016 3918.058799883268 4208.639655407976 3785.046725225836 4209.140133695332 5592.081806547195 10503.416227205356 10493.44706505517 10397.705865887114 7458.3314174754905 6748.624530882212 5254.432871507566 5054.459233027974 3896.049473996727 4511.2525807170805 6105.024561107216 9238.476351882891 14817.094860228706 6129.755489518915 6944.417199501002 4729.167400239436 6556.644737139178 5526.651226044667 4284.789526396644 7083.141623107813 6971.488627038157 10524.329549334245 6656.270144940387 9298.148997133861 15124.60093649762 22388.329189025833 141084.51570495122 642995.0187441016 143283.414152922 55778.522333695 26315.772766404858 15959.033288047125 12333.884986838595 14045.705283027304 9735.582848738108 15302.382118227855 13050.031947720368 8401.951300750063 6689.533700570136 7026.308710573381 7858.860477441845 10202.459501211903 10423.478050951888 11629.41943727983 10833.816502268646 11629.040388866562 12219.940338883942 10920.005641283136 9599.126108899114 11783.579727236634 
3348.586176784916 1354.6609686172064 1693.7847586546095 1433.5797594475582 1346.5321102637338 1517.892946721655 1852.762473097801 2238.4274463699235 7678.239578613959 20806.332831411175 3369.090121409084 5729.445901140772 10508.545695922836 2595.344513613724 2231.6325389488234 1951.412589999799 1841.4745359102503 1995.206013082902 2499.63810758142 10414.42942941772 16836.0518927776 17083.48793131783 13996.146965598673 17251.535608168673 13498.441439039027 10315.463494693002 14223.548217351276 12277.769525393089 8185.861539566392 11626.241794911282 13014.589401543193 8174.768275578526 10498.46363318809 32010.92382985567 143283.414152922 669613.4490019027 139731.74038563968 12895.545595332202 11164.567095266097 6634.899018543517 5540.199171232125 9560.464174255892 23794.410879129104 7784.638753191107 3543.5198359589303 2901.268129457978 3535.860320590889 3189.612084745785 4222.013527121619 5163.983719780786 23685.112499364594 24033.346097309342 16430.0030703587 6637.004895874389 13380.103573074992 19698.276722938517 22218.019962350623 
3942.372563456772 2228.121061472164 2022.5978782204172 2559.415795838261 2791.2808778002536 3021.8597858307207 2970.148514806408 3813.714299493488 8847.674025149225 10291.23017315851 5648.682061498814 5130.427950878024 5511.738579215049 4555.276590966459 3929.1601898563104 3531.0133473023743 3463.4224463064543 3722.5698833089427 5188.577800087241 9257.895783063757 6707.038645398643 7269.0011072665175 5630.796555871767 7300.51450963032 6211.021880173728 5042.486800604862 8390.845253822597 8538.532992402499 11414.319624995518 8206.298432496116 10011.85374190348 14216.310356159425 17071.146299188425 28173.548545520985 55778.522333695 139731.74038563968 643745.9197546152 142053.03331921797 31584.688238275223 19962.562457185435 18429.72815333152 19755.088319826846 19429.01862832913 13435.659677338492 7835.9461302648415 6164.508057793298 6976.2218749492085 6109.86671237542 7639.60418668376 12609.085606989036 13802.053664935202 11568.999958576906 10934.105231337431 8996.925919829911 9981.363281563876 10403.004383276137 10371.538551026022 
4961.265254228223 4576.42693339784 3624.0076840404963 4638.004174295255 5165.1468662029765 4841.237808930757 4953.216937107702 5902.979421684723 6579.194662891455 2846.577047059495 7864.72247322332 5587.380660642751 3987.3261520647866 5678.258447594881 5486.791034938831 4605.81778767476 5354.5935813787455 6703.039923938404 9012.016043427211 8385.286359503998 1389.6949997475765 1705.060456343176 983.5305627102896 1381.313849360298 1176.7624476259443 1041.2847912460552 2214.38474772002 2339.134369417966 5310.944720519262 2380.5154792385583 3345.1637528962506 7962.871684980656 9186.380590270848 15636.732490938513 26315.772766404858 12895.545595332202 142053.03331921797 755913.7818982868 150692.5086362424 39716.20901996346 31401.8939263267 13634.813902660338 11009.39067472634 14198.425329292919 12204.376323330465 10038.206402731608 9294.427099222788 10219.478287812204 11666.43332354117 11548.087947481343 5086.57566250876 3699.3930786860997 5313.431412781445 8048.8940300664335 4644.602973225497 3034.1400037620033 4336.816187212691 
