817061.4705213106 182535.9518049396 51022.129052430755 22979.362126252272 17965.71659900772 7996.742299039415 4559.422597349056 3817.814665541377 4554.083302440091 4094.399166580426 3859.668563330254 4742.688310384779 3818.2467765198585 3058.637723858905 4398.883200247103 5711.718182393978 4122.945645250695 3715.554687956321 3802.5023934641795 4165.159027979097 3340.784650960951 3464.7219756852714 3774.6070998210507 3825.4292443744303 2908.424141939317 2639.3120928897188 2265.7481179005154 3975.3804807530178 6395.846081563721 6130.584960001077 8153.654276049971 7067.544989927762 1801.8232338610326 2024.5330175175247 1206.317485491315 792.9993567969714 2147.1191622726933 1518.4283890899135 1549.7001140414236 1263.0522376686874 1977.4174743615124 802.7086663361968 647.8288855604244 1279.2688954214518 707.9545119358829 728.8205866396427 1773.3744941450561 2436.053872444096 1467.9375445218443 480.86365154096165 436.75263586517656 458.0511512536627 457.99894757918383 377.0872681083069 460.56664577752446 483.01244745398924 1824.4692034758784 4530.133555905607 3135.115601348834 2747.8236433428024 2240.5266048168305 1632.2754140882025 1121.9886208167914 759.729112879208 1193.7826534817739 1285.4175255094603 486.91998036464616 578.3204330743667 645.9198906388723 579.2087055945457 749.4346886662643 1485.0940338219557 863.5899193956515 1129.7844101947203 2479.24036416532 3250.1772510227047 2452.955553412253 4539.921569016623 9109.360176048802 14459.84724995042 
182535.9518049396 735007.0545139668 136098.91364314 28601.610121705282 21775.458745658703 9944.270974597792 5343.94980541457 4397.83719756492 4791.766355316561 4194.138386768762 3644.708295638743 4026.3520770579867 3556.05687433857 3185.5521766583165 4052.8812905133755 6101.391016223881 4252.513227407489 3972.4940517822015 4105.416050552008 4499.236234534126 3814.2567741248213 3570.5431664331736 3928.926846407679 3603.3303775173736 3042.216487999924 2916.7236628768856 2727.23597481188 4297.82876605872 6981.561304583161 6164.750751435671 7289.943939921471 6508.1177872801245 1912.1092287685096 2196.5330478088745 1251.8766692489608 596.3431545169171 1809.5093834101808 1390.2332429436797 1430.1824164958443 1410.3508595407648 1888.9135917222757 955.0612099599995 744.8455908695291 1077.0043019124657 760.6440740944024 843.8542043755563 1624.5405950262284 2134.755656531837 1331.3012415419737 469.88830338837965 473.58813164794776 401.41664489285984 442.7870616533174 400.7897012292772 417.707324718771 654.4825577475794 1770.8065677835239 3958.1919022095676 2898.795921343629 2335.2596772537836 1946.717370033775 1396.8693201799233 954.0569253290039 734.1023020137364 1079.3847963000649 967.4301418241513 459.7602350572409 665.1370434820021 635.5042175306789 637.8478977611918 772.1706103140217 1307.2845419702767 962.141278903898 1308.2311802537201 2533.314675222088 3277.2870322394674 3180.5195280438907 5045.494663827167 8933.511796598952 9227.501178276265 
51022.129052430755 136098.91364314 804137.3888800096 97376.23328866425 30506.681192222175 6426.664606832066 2974.0771255732243 2386.818869878122 3243.805165104697 3413.4910937309683 3769.2490800144783 5797.680997084618 3698.5556895510736 2310.124052835737 4721.800354125506 6314.431591537467 4210.455747377413 3308.348334642375 3513.8813028900295 3781.67891277142 2940.4033706568307 3791.5558942260845 4350.036820171048 4074.174078242116 2859.2409306227732 2104.4341424962663 1408.8094126191806 3242.356842176686 7907.3810633171715 9562.804496050127 11948.469635027861 5641.1893076891165 833.4926586635054 1129.8172159562953 502.5560113580974 314.85048781405055 1695.1215619525735 1407.7335619155858 1212.0091545772195 894.4651466630596 1710.958386569441 536.5121993209631 434.7905388621508 1089.897625774663 438.3671789002604 507.03529948505974 1870.7732803694119 2977.2792897281615 1317.2373327419643 328.1407570222954 274.98606677340473 327.35427705431033 317.34588929110333 283.2581388635728 305.04569244455365 344.5563759909584 1751.4170929728555 6178.057792389044 4114.975615931971 3365.935665691375 2547.281469393095 1549.2095102083392 953.4804845052741 600.9165989297029 1187.6215049654459 1211.2783074111833 368.72797124191754 466.9973732814364 504.2821332058789 442.7179271797966 603.8179791952275 1490.5080165320983 668.7592411100626 793.7213525483998 2233.144245023281 3240.0552294754175 1758.3327947066766 3403.557356491306 7096.708195527343 9251.644030323814 
22979.362126252272 28601.610121705282 97376.23328866425 738503.9799246833 149244.5796391023 16469.926557604904 6656.674454548373 4674.162983227335 6165.185950271559 6476.663560679084 7730.618980786223 9177.854976182787 6244.300591266864 4327.686108526046 7300.808853444842 7740.12045271704 5828.628516249628 4991.891524680639 4666.662939331992 5547.963233422097 4253.074260366927 5169.272552782989 5732.284619042464 5853.338269478107 4313.157847982911 3282.6778788803663 2151.077263882078 5335.344887865248 8811.881032431462 9006.502583423506 11590.696837586647 9013.263937264015 2019.124722308351 2430.415667665158 1377.1797115990441 747.2080888863318 3494.646913116483 2819.843662235619 2369.3270484624236 1666.9551219740815 2940.518427963352 970.8419017984601 769.5167611911428 2007.8755283763257 772.7672583893822 847.288663267354 2851.873595155948 4350.840365341993 2244.165962127635 582.93406533618 556.2406317151483 572.3909821298877 619.955263575886 558.1967352370262 556.3087581161396 655.8404935855498 2648.1556944277495 6352.863956683429 5385.761022407818 4446.441158540445 3118.07501720921 2441.5277999494037 1637.1740756152806 1026.8171343415322 1972.2970507135258 2157.8658001550784 652.4369687917443 740.6300150794787 835.3072177165096 767.2643807385743 997.8877635195612 2254.159773012774 1052.4279360669684 1242.675806428887 3143.6131667224636 3666.0317349121424 2029.2912485502752 3553.666096813084 4984.969530676605 5924.780793820733 
17965.71659900772 21775.458745658703 30506.681192222175 149244.5796391023 648142.4687968419 88760.82034127542 14157.769780900038 8028.457007352312 13859.641673810005 12857.808790037632 10651.465179548115 11607.667723741704 9062.732385523732 5300.071882880853 9252.475687056532 10426.103117974222 7189.92201566511 6075.399853964898 6263.295845519123 7508.276440791782 5932.25139451481 6179.397836660697 6908.779356581959 7518.430706701776 6620.682154153524 5588.12959771718 4171.652314791731 8604.836703378001 11541.503804528173 8263.47508638289 12328.282787301774 12557.193253961283 2569.2164664121246 3419.4287349157767 1618.1029242509826 808.3432979839104 5018.094100349168 4005.2643256573856 3885.1479653234237 3345.0395806318224 4870.94822179531 1823.350968506158 1423.4137204654685 3053.648197544942 1529.8073233352486 1792.0862872893867 4680.286856279974 5538.454508722149 3808.349683584615 881.4408238815089 754.6877427984058 818.7913867171649 899.1843608664499 814.2474191270097 853.5627951146482 1076.3821332303628 4795.302262281627 6590.424544394897 4268.814249958962 3827.4891176035226 3832.557286439335 3176.911262538812 2071.727449419381 1381.67029189186 2732.5415352870536 2753.738443175547 965.8278384774975 1333.5668570682383 1418.8402196389754 1256.5607256970866 1525.6570662374127 3316.7290339402966 1830.3142964105782 2095.7503595652215 4302.917612903649 4264.664925110835 2749.373240702096 4100.716929054992 4484.402686522505 4476.64175722446 
7996.742299039415 9944.270974597792 6426.664606832066 16469.926557604904 88760.82034127542 522839.76325142337 159727.86999545022 66870.25337814937 46786.73801592833 22933.06024810412 12979.149127198505 5286.711679866625 8863.82576827818 15065.75866937637 6415.225379603376 5924.535431421323 5662.043121839375 8581.856954805138 7030.085451604862 8475.602023883863 8832.49761825401 3795.2267945095377 4402.174050400667 4106.938723366185 5762.900850635778 10869.43784642763 14185.927951161504 9260.299849844936 5287.266154510441 2235.9482417631725 2967.167426187217 13978.746041828315 16649.903671899403 15630.256485182399 11437.878468958656 6029.348703668428 7344.064850241565 4997.268878964347 5794.225637725672 6603.583911638854 4961.85475102274 6690.9609892132285 5268.802715592452 3468.4730697140585 5306.784006526999 5259.715335339618 3515.3552278112256 2148.4439362729713 3384.1267436055405 3712.5145738392926 3452.151752541919 3021.1059050747995 3031.7513033905016 3215.4939638147007 3874.679691724621 5613.519967623123 4934.463821517589 1412.4900996283266 1174.5839595939924 1055.298079119061 1325.2858730147286 2028.0549089256185 2204.5868002145085 2909.1289971583087 2231.2242754654258 1837.7840911942155 2250.967468715952 2687.1381818784994 3116.763411708342 3455.796662804923 3273.7400539502582 2281.7092682974076 3818.838385207749 4789.600639298254 2888.851512473571 1818.626722881444 3219.9385364406016 3060.034705674214 1842.2969763651604 1002.5454293451104 
4559.422597349056 5343.94980541457 2974.0771255732243 6656.674454548373 14157.769780900038 159727.86999545022 544584.7849276324 163602.2175551115 65648.74140563022 19990.17469091821 9797.960443068469 2752.485107044444 6214.795535499029 16183.717057858103 3577.146252429965 3559.4334988065157 4076.648464921452 7433.342875466546 5843.475434309728 6085.355650996041 7333.495200986315 2349.219013006954 3255.545518757249 2339.0883823636036 3588.373259571445 9572.436835855724 14528.699960323574 5216.03269437086 2408.5237862826775 979.2657480851481 1100.4806878994582 8876.75608201928 23621.294375417292 21473.355200562466 19557.830332529644 11239.587640282696 6055.950989350983 3402.1343538175092 4050.832373841919 4740.965041510313 2489.107493984278 6961.3459794001765 5909.2868110121135 1975.357428426772 5439.565402604626 4818.736155694893 1880.319098458401 777.9204581645545 1869.5966655765424 5304.369906041699 5557.459659315031 4576.0635403607575 4312.845190358082 5081.807283471716 5761.551640894581 7044.812633960615 2730.40371408512 463.96848780608724 569.9452859967446 502.0894327840753 516.0619892545355 1103.9900332154166 1433.4904999001035 2840.9280525407967 1389.5361792286014 932.3920443938636 2414.339699274218 2470.6919908572754 2811.3938878494428 3609.1840229241225 2991.110496998566 1055.6514169445595 3027.222642797843 3979.302797686359 1366.066386884165 749.0170857361225 2269.5100584453426 1599.012814959943 911.182231031772 347.0170485600912 
3817.814665541377 4397.83719756492 2386.818869878122 4674.162983227335 8028.457007352312 66870.25337814937 163602.2175551115 576690.7585647971 122774.79472705185 26011.494818358682 12033.367490835579 3249.333080422418 7088.350610431289 18482.572360563998 3937.1033831071545 3758.1761098435527 4117.867235157481 7501.910603057952 5841.879258351937 5981.1623820403875 7519.898155539293 2278.6448378258247 3216.5569208913116 2257.653776435948 3562.586388043049 9426.206038236522 14654.680327169668 4926.158684118804 2245.494467260062 884.2706163862571 1028.3425273554233 7556.863358304848 23712.04365295569 21863.347354555353 21084.21920520382 12000.432661040937 5432.632388057186 3234.1927766385807 3771.2468823649006 4601.83839053803 2289.046462272941 7100.779048148875 6060.292693460056 1819.1306640263392 5697.4147478452405 4793.574301466178 1746.7729824138469 717.7882172574581 1792.1534027559271 5665.567228633171 6173.266579834122 5061.6614457542255 4908.058038762166 5514.8371198392315 6324.544906851915 7257.078438353393 2659.5367244178447 454.7598706999601 552.3202821458465 442.9810169649754 511.3108743391917 1057.758170591815 1308.6397346250508 2655.658639744419 1395.0885088618784 959.4034915198845 2502.428643194205 2514.8109014288307 2762.977353675929 3593.4355823199853 3015.004786263789 959.2190008614182 2938.776107339384 3915.8817094320375 1278.2504810438843 717.8426607296334 2086.7373861793044 1543.2623641902112 777.2553200574594 326.396775020132 
4554.083302440091 4791.766355316561 3243.805165104697 6165.185950271559 13859.641673810005 46786.73801592833 65648.74140563022 122774.79472705185 511627.01421059965 145627.476052934 47134.68205812309 12370.211888078053 14189.23459465633 19902.31281870252 8464.814653965055 6654.038185179169 5901.549575740335 8890.743103085977 7298.9630297166095 8529.85998216482 8427.797395367681 3796.3519798411094 4350.472460567993 4042.594924482904 5344.509093947336 10222.327512125037 12861.346114767866 7968.6735435473265 4520.646362247519 2029.9776759486886 2754.909333775872 10519.240463236854 12881.372124871088 13347.364418806434 9326.212022761752 5280.229735475385 6156.311242119345 4369.790843828508 4978.130007814731 5710.526509526287 4509.430016033845 6087.003971859793 4866.61603168857 3508.1953115016595 4652.831955629215 4684.495104788002 3483.8532267871083 2037.9127085955147 3403.6568057198424 3701.1006361870345 3370.023681753609 3264.836263882015 3270.617269305534 3374.6499243386934 3775.6318491037664 4953.186843527052 4358.356381537759 1209.0185446057105 1078.0863874114457 1027.1831356793555 1317.3747670282526 1926.0359973298428 1997.5438317725464 2605.7564190699118 2074.0219738305555 1903.2409889071948 2322.3629879604186 2703.444599204303 2883.289848920921 3165.6338140464964 2928.819069484469 2100.9442727455253 3235.191461822482 3997.007595374748 2335.1278129111683 1585.3793807330944 2527.5480452436645 2298.5639432960584 1328.0870134457277 820.8137527394506 
4094.399166580426 4194.138386768762 3413.4910937309683 6476.663560679084 12857.808790037632 22933.06024810412 19990.17469091821 26011.494818358682 145627.476052934 531606.529910213 202800.48345067422 26446.16566383353 22304.36747268167 22946.80081953547 11527.238068575749 8100.107334454978 6740.423303605162 9475.785781585277 7174.889437416937 8792.166828022004 8602.699121566387 4616.1691064231045 5322.952006924482 5220.18093616852 6183.823878502484 8922.516709044097 9519.0726611689 8546.091308448144 5258.351647292326 2679.20352482178 3306.716807796982 8242.005510781773 5619.891050068041 7022.631736098958 3887.109791919155 1966.6335897005863 4955.667902376455 4138.065744020854 4822.804508585981 5444.881857863652 4332.367950343641 4241.891664101252 3415.212997171249 3455.8425098612433 3441.1389083761455 3893.1553594543348 3764.1950665616846 2675.0312217485725 3131.4063287787408 2172.9133420229155 1943.7740471400302 1929.4683900329555 2107.6904864261032 1907.2238589694691 2177.1941514659507 2882.3127419471193 4315.241504158893 1687.1446455659056 1443.4360038429675 1425.9154470641406 1649.1301503052935 2221.574529089231 2064.277888128022 2297.7764094709332 2123.0837029527283 1986.729621086246 2017.9949785308622 2392.6850349796373 2564.4311226779555 2431.131876520614 2417.749862046466 2420.1479321190695 3023.833821151357 3329.9327738429397 2792.449179842237 2135.681011545459 2818.9806558673895 2475.777379757296 1511.5832496272028 1010.5598753642124 
3859.668563330254 3644.708295638743 3769.2490800144783 7730.618980786223 10651.465179548115 12979.149127198505 9797.960443068469 12033.367490835579 47134.68205812309 202800.48345067422 613295.7404259172 112568.25074417784 29796.735004272654 19419.562404650016 14963.935821289875 8394.563939247528 6896.946580375988 8854.07328179063 6007.516693558362 7579.011008287659 6383.011517821651 4771.35921989222 4645.580340589881 5600.761142511107 5406.873012642474 6051.293749906551 5344.400148845754 7407.396965588022 5253.747332191561 3606.8104807215286 4494.437349442711 7718.759041893109 3722.002252021876 4594.844586913632 2172.782883944462 1235.3248640521572 4367.461176626746 4027.733068697441 3946.6573469298446 3495.7862816822517 4118.50352346057 2513.4074415401374 1918.297473128973 3228.286194456105 2016.4208536499195 2164.8472082136464 3359.3969866176362 3567.256325740246 2803.967073806543 1309.0002891935615 1108.9145359058016 1232.4895411013408 1293.9762098231965 1206.1968408496389 1307.693491769402 1595.8733574333924 3289.5845658606804 2316.68922742879 2045.722983888854 2001.3095890966028 1831.281658674495 2226.335211559639 2057.1437500665593 1772.2947708777028 2076.1789410597044 2223.9627935475282 1376.0657453017852 1552.9522579419993 1746.713442539753 1601.6213628440948 1835.6632288141122 2584.566758279321 2022.744339701669 2059.726761142546 2573.5649028426355 2413.5690265392645 1985.4334726649433 2109.7695179807242 1518.9887434839911 1411.724777064635 
4742.688310384779 4026.3520770579867 5797.680997084618 9177.854976182787 11607.667723741704 5286.711679866625 2752.485107044444 3249.333080422418 12370.211888078053 26446.16566383353 112568.25074417784 788314.6375018993 92280.43429694921 17688.650917388226 24894.913140854835 11953.618681090651 8059.496783526197 7371.571651647506 6305.574433689458 6710.304485496784 5220.147669629888 5855.006817847717 5760.889033496904 6695.96947915242 4901.063278901147 3808.623391973287 2287.150289890179 5669.96301720018 6456.869848234015 5920.314966948291 7377.365517227081 5262.1309605705455 1144.1180108822175 1839.441225004449 730.310590577083 369.188064022759 3322.0192112471022 2961.0184771216746 2610.4807437852755 2128.98016908351 3575.2364976488957 1050.5591071855486 849.7794827341176 2736.7456661586334 1009.7888973692736 1104.6879217041835 3722.3653746168934 5156.757333548624 2668.1474496521964 575.3954510720068 541.9629475467731 646.0837951483596 657.3158120355291 551.6623831501591 648.2685329828511 620.1668456015801 2917.1128600929196 4411.666067497991 3471.2071182234276 3511.257634553276 2831.150114531565 2578.1092327010206 1752.4897138317535 1152.9575861036992 2166.055502836819 2495.0072320477193 827.5210595252021 976.9576991914379 1084.5603054541607 906.4850120750261 1193.6910446017407 2732.258751421785 1228.4561105951109 1094.2379596480303 2730.4136320770735 3219.737142151211 1525.719197049384 2198.884969904168 2068.6034503810206 2348.09306416328 
3818.2467765198585 3556.05687433857 3698.5556895510736 6244.300591266864 9062.732385523732 8863.82576827818 6214.795535499029 7088.350610431289 14189.23459465633 22304.36747268167 29796.735004272654 92280.43429694921 619655.7457688919 165032.39563557348 63186.059385032015 18255.289009995755 12308.065762458624 13060.87066566876 9275.255428300097 12001.783557670075 10400.516117753776 6678.600036471737 6874.042620738152 7161.350441038878 6538.680680866905 7256.962951939798 6902.835311718006 8285.041802413216 6376.284851719835 3640.4333884197804 3725.707525953965 5465.17640816238 2968.725686147459 4308.638895770386 2052.394618611009 981.2239559180817 3754.7685030700745 3473.3290640862233 3781.556777332528 4144.020956625004 4100.824975932607 2750.9076599549003 2196.1188699018808 3267.2221323179674 2296.398180471628 2727.312314180961 4007.3928822615526 3411.008330442775 3155.3105457158067 1387.769693790617 1193.3611241158626 1318.7517558803809 1452.889214154895 1259.5914169353425 1388.7748705388324 1788.0031304289266 3881.96027802973 2497.5999487583836 2575.0394536777685 2633.792416886891 2310.007188237961 2697.6654420432965 2424.3263142997525 2049.8320350132985 2455.7744673574866 2326.9604473777326 1719.5940696145296 1892.7484535416968 2067.9930067912815 1796.97209713842 2007.9945060536204 2451.55613640452 2333.5119947546177 2577.8445455162496 2925.029451186831 2922.597422608756 2793.56371475389 2715.1646810359157 1881.4264277325437 1416.9543862463997 
3058.637723858905 3185.5521766583165 2310.124052835737 4327.686108526046 5300.071882880853 15065.75866937637 16183.717057858103 18482.572360563998 19902.31281870252 22946.80081953547 19419.562404650016 17688.650917388226 165032.39563557348 631301.2971263916 90414.37973733219 18220.490195508668 13584.900048988598 17892.080151764756 12403.375362636752 12722.238057642417 13354.529413964623 5597.011457471385 6685.687744979824 5133.078498056077 5866.18371142884 10089.898904366 12979.941043836112 7571.005331911045 4287.222848638313 2155.608488847826 1842.8770343231624 6024.319498232685 8170.362813653675 8226.603280847508 5641.345741829307 3309.812505096974 3239.3832202310705 2906.1176240723485 3584.7685252490246 3910.555726228195 2653.3378638394474 4159.493711265484 3599.09162314903 2001.630322455791 3334.6841214836963 3400.130828893565 2446.613388084601 1412.726604256308 1903.6432425784728 2574.311625324491 2339.6136810283615 2193.1073036397124 2334.073564296877 2361.168231652177 2590.028574450245 3457.993774467217 2856.221569949834 1034.1655507149376 1454.856412062938 1290.9296726438397 1112.5650932533865 1829.1410921669851 1760.3692101625602 2502.2057274824274 1782.8830822229643 1319.5600940642566 1916.9028937204935 2017.0658368761901 2118.848725422264 2366.9669077598523 2169.566156401872 1474.5407524521659 2924.5428786223038 3454.1083700524173 2138.8591618819164 1695.4060637978578 3165.1713320469844 2523.1476572730176 1441.708244443366 882.1363612219288 
4398.883200247103 4052.8812905133755 4721.800354125506 7300.808853444842 9252.475687056532 6415.225379603376 3577.146252429965 3937.1033831071545 8464.814653965055 11527.238068575749 14963.935821289875 24894.913140854835 63186.059385032015 90414.37973733219 778395.40930764 46118.653168849334 23236.818144566732 15763.72923188848 11634.75538149018 12783.643045100129 9116.830897137812 7230.82670205681 7063.365729518583 8018.046885350023 7014.90858212285 6153.382481319777 4275.191981209802 7779.768112012166 6891.8035368902165 4471.762413704715 5177.466306573411 6489.640005568678 2157.3736215055255 3134.968889313278 1262.1216502399302 765.992066117486 3400.0862291265157 3264.5074617621403 2951.6062945742574 2342.3197272296934 3296.831690315301 1469.7566683372413 1223.8636225521282 2960.398080565265 1275.925567033953 1418.1872992228273 3155.6296122525723 3421.5302376215895 2557.0511272716167 829.3655003104981 815.280755702904 846.6659506787908 855.4549716900765 793.2019728829016 795.8377511061607 943.1155710237075 2991.682945657895 3031.193764898527 2681.908182215037 2890.0939936791974 2412.3848262278234 2436.796606192277 2066.5503938138786 1302.8616310052305 1989.2671031957645 2146.3423961200806 1018.2553571391438 1094.4823727434905 1280.8524888704737 974.3441454581257 1376.979334408537 2448.0364219182147 1454.7532181798363 1452.4886870448074 2665.7918466527904 2809.0640961019176 1794.0113513098038 2346.189915158541 2095.1071742169256 2049.4902874488403 
5711.718182393978 6101.391016223881 6314.431591537467 7740.12045271704 10426.103117974222 5924.535431421323 3559.4334988065157 3758.1761098435527 6654.038185179169 8100.107334454978 8394.563939247528 11953.618681090651 18255.289009995755 18220.490195508668 46118.653168849334 657820.9931887283 231683.40017094472 29206.081799068255 25346.686903363207 20098.520801442155 13612.789399256832 10175.514633278894 10677.2902981311 9611.434017719856 8232.385937779494 6672.968500200252 5664.570372243707 8827.255074459432 9805.43777956244 5760.454853375256 5627.104907672762 5947.680683883072 1990.228555483659 2611.617181197861 1186.1748224135617 582.2008503470346 2375.610838060891 2084.2939355510766 2220.442668920987 2183.6154356378206 2683.7823407001897 1331.264108417116 1094.1625135760285 1920.8334369469858 1149.0988116503217 1257.3513779016012 2723.935848233224 2922.6855139050276 2341.493076095354 701.3715886138692 652.9951707292163 686.9924699568808 685.4946039981506 658.3180798880802 663.9240681814313 855.4529541600324 2741.366884196083 3316.238076375395 2728.941909925225 2914.0572594413356 2939.721899816123 2356.7673736514084 1581.1768188895137 1190.9051544414071 1792.3042873597515 1572.9527674450155 858.2892097753496 937.6336072564936 988.256920180393 892.6770337721529 1013.9044065197356 2026.33984915493 1447.6743255843458 1564.7673475387144 2789.473004290542 2890.524952261806 2314.36508660044 3076.684361784684 2946.6612202987617 2509.2710526048177 
4122.945645250695 4252.513227407489 4210.455747377413 5828.628516249628 7189.92201566511 5662.043121839375 4076.648464921452 4117.867235157481 5901.549575740335 6740.423303605162 6896.946580375988 8059.496783526197 12308.065762458624 13584.900048988598 23236.818144566732 231683.40017094472 603934.4654836876 129254.14623185279 46087.91863430673 24174.760975447363 15068.263053096616 8607.283845219079 9327.478370217748 7864.646862958239 6954.925508063861 6625.067494382421 6451.309068650997 7879.782383039234 7151.1491569374 4163.1501400248 4189.646222303576 5285.948472137761 2354.9609531247534 3082.161520437625 1674.1169125036542 863.2387824193489 2035.8121984612112 2131.087535054633 2086.830894841159 2098.6640309140294 2330.180642053319 1467.9315270326674 1191.3958086837465 1761.2306348352238 1219.0347669669916 1368.2203929348207 2362.9507911778655 2322.8057553806566 1884.0358510850836 844.7192918484732 754.574036934498 774.1774238325346 855.7922341697592 762.9368076256717 813.8254976210825 1026.3199291263534 2326.1733555941864 2353.136170284036 2188.5628558123453 2312.008176574805 1883.1033393056068 1781.2526168857742 1478.1263297398511 1139.3272621867102 1505.9763382722192 1301.5033452086836 881.62384914298 940.767144799126 1001.4057335467581 828.6024259080096 1076.9488998158579 1633.7678860198032 1321.7862846620928 1604.9379061482898 2205.3932824700482 2271.044324467466 2082.3156623261534 2501.538321999977 2135.4753961735555 1826.6204712584881 
3715.554687956321 3972.4940517822015 3308.348334642375 4991.891524680639 6075.399853964898 8581.856954805138 7433.342875466546 7501.910603057952 8890.743103085977 9475.785781585277 8854.07328179063 7371.571651647506 13060.87066566876 17892.080151764756 15763.72923188848 29206.081799068255 129254.14623185279 628641.4417188569 131773.57152211707 42211.70491002812 26260.658697252562 11863.503728400265 11810.596135641144 9728.580816765341 9219.525792944298 11177.511073280093 11769.77819371121 10508.838872868004 7033.086835229073 3797.312651094666 3504.8987546077983 6857.28314792475 4595.01210343665 5452.246889699562 3042.615414395165 1739.0735297336678 3277.2611045982126 2765.0063756618842 3076.542911622056 3300.4230717400806 3035.8582603500417 2649.499820148294 2198.6662272467547 2400.829477615706 2166.780067273589 2341.411075626719 2666.582942327681 2123.9598204899607 2117.981065991412 1519.7156291004014 1337.1764188298703 1370.7528305769633 1424.6376005307109 1395.817014975989 1483.589426352666 1793.5830612838768 2821.5424514029155 1697.777331139829 1864.9883708555774 1698.5445412053396 1672.0096660975316 2154.297001642096 1882.1949128106496 1922.8990332940853 1768.28312104402 1581.2316414285135 1519.682343303081 1505.5935640812559 1608.5024836134146 1637.1389199885089 1692.9019170722327 1961.3263145959834 2415.723070426901 2608.756936244706 2538.789363006371 2447.334067048155 3043.2567230568543 3039.1407529116073 2115.5747083921865 1555.8178037480727 
3802.5023934641795 4105.416050552008 3513.8813028900295 4666.662939331992 6263.295845519123 7030.085451604862 5843.475434309728 5841.879258351937 7298.9630297166095 7174.889437416937 6007.516693558362 6305.574433689458 9275.255428300097 12403.375362636752 11634.75538149018 25346.686903363207 46087.91863430673 131773.57152211707 696975.0555412883 107112.00747257133 27729.529513176447 13442.659252040201 13286.984608713228 9978.50511422766 9254.741806301663 9691.289954689975 9342.876857093272 9128.378995730196 7373.646327458014 3831.1750702607187 4230.243878529572 6899.412655290493 3575.32740432136 4563.471165301847 2209.355882107061 1206.3602340060265 2798.8852190561474 2219.9142411798516 2302.0592424843285 2379.448739863717 2609.6097527948614 1933.596633046286 1704.9394543296658 2069.5502238336453 1553.845118445334 1663.6619349420703 2097.812335412232 1895.5454323172216 2373.364409624051 1074.7315475412295 978.2759732246057 927.2149296689294 1053.4074502401045 997.0363580857107 1019.2911584659073 1330.2864272849474 2184.145698396162 1868.1176003194191 1597.811372185328 1539.5666612839827 2005.6002241539347 2013.2119351372294 1458.430094704331 1514.807860720103 1510.4779804897976 1262.3072530586326 971.8356427886179 1051.185433475708 1106.0137686589896 1237.9229773383347 1255.986277322782 1610.520516256565 1773.9725456127328 2032.8651447650434 2141.5938373624813 1925.482147272375 2246.674974362991 2473.9723142523567 1994.523721950635 1611.669837646044 
4165.159027979097 4499.236234534126 3781.67891277142 5547.963233422097 7508.276440791782 8475.602023883863 6085.355650996041 5981.1623820403875 8529.85998216482 8792.166828022004 7579.011008287659 6710.304485496784 12001.783557670075 12722.238057642417 12783.643045100129 20098.520801442155 24174.760975447363 42211.70491002812 107112.00747257133 591164.4945784394 138140.10922704334 31033.51876162653 25598.103696375838 17710.873303284083 16857.857287533534 15843.872389782031 14649.282613672118 15145.063746742353 10050.869886911396 4683.517206505997 4143.347808580655 7987.687608594423 4393.26093702417 5237.912956919525 2572.0221579625168 1353.5608944379987 3516.7684512662345 3200.574030585051 3467.873342627372 3747.1486923881953 3557.719977472949 2663.639240579719 2363.9438071261648 2910.11419292875 2260.961937267665 2581.361772141748 3098.181497551332 2395.4579257983555 2712.6441772127946 1508.640789646844 1310.5593544017574 1309.1306278427126 1424.8401224717425 1303.8823491373068 1438.9912208219537 1767.283503153148 3231.8636982891157 2050.406227995236 2055.937876307491 2100.44275824807 2235.4272522746487 2662.544013602801 2145.9406288955083 1956.7024973106636 2209.463902100653 1849.5443372189025 1552.190138578541 1659.9905844361642 1779.4743822593077 1582.8652187024927 1895.3584054370851 2442.823367308361 2547.7591671687014 2883.915351937992 3104.627007623597 2776.1590812115733 3287.718785362654 3414.0678791907267 2350.348912234611 1740.0257561248766 
3340.784650960951 3814.2567741248213 2940.4033706568307 4253.074260366927 5932.25139451481 8832.49761825401 7333.495200986315 7519.898155539293 8427.797395367681 8602.699121566387 6383.011517821651 5220.147669629888 10400.516117753776 13354.529413964623 9116.830897137812 13612.789399256832 15068.263053096616 26260.658697252562 27729.529513176447 138140.10922704334 550922.6992309096 143075.0847636886 53803.33996004674 22635.359262142538 20542.330734224593 20703.95631154663 20552.74337503964 15626.73790182318 9308.043847429077 3973.725217995314 3116.547263301127 5926.041344975538 4847.154047808091 5841.790245215233 3163.6859067129217 1579.3768185790975 2991.810618014826 3025.663896831568 3531.868073285304 4374.624831297309 3277.2056233838 3466.2478825922803 2888.828260696967 2604.750941434373 2850.4035778017633 3205.9551823725096 2975.282089900165 2020.925094366684 2227.0744207694893 1744.7517826425974 1540.6118206099077 1500.0712489064028 1579.0391987716928 1500.0072042997708 1696.958301458229 2265.0982677107477 3213.5080807533095 1666.1514102982258 1755.9244558917658 1813.801314450798 2051.0791899098444 2570.2373231208344 2020.6719161846975 2293.6834818224393 2049.4055439822746 1623.0718413691168 1785.1511600397914 1883.9240827676158 2034.4619977348834 2058.885049546784 1981.2019631135886 2243.4030010611277 3027.6361766655186 3631.2320723477815 3143.7487952278852 2578.4737715199167 4082.9155247986832 3548.463643037015 2140.3307277726008 1292.2780157617121 
3464.7219756852714 3570.5431664331736 3791.5558942260845 5169.272552782989 6179.397836660697 3795.2267945095377 2349.219013006954 2278.6448378258247 3796.3519798411094 4616.1691064231045 4771.35921989222 5855.006817847717 6678.600036471737 5597.011457471385 7230.82670205681 10175.514633278894 8607.283845219079 11863.503728400265 13442.659252040201 31033.51876162653 143075.0847636886 618774.8849089665 199112.03300875815 54965.145586736115 20780.03526623887 11917.411918896116 8067.36033969268 11089.972105533578 10613.420182449127 5942.452202797496 4841.5417319275775 4788.979107448351 1867.1113862224454 2461.8312893130733 1170.1461701760786 602.3719679958103 2002.5591100054764 2225.0248352724443 2145.709917760019 1943.620516678978 2459.2254848794496 1216.3118087300263 1048.9709253514213 1835.119466744743 1063.2632500008392 1245.0246202142716 2673.211182310213 2741.6212453373646 2117.0219749155144 646.6539669066606 578.6070848218048 626.2942181544586 696.6636370366916 682.8207237460517 591.3401109886046 813.4016178438734 2358.047585325138 2702.4598079955636 2459.740018608567 2671.535488885474 2529.322890489226 2348.9496161040893 1651.863933583093 1274.5288955460885 1816.051182665949 1590.2316076549764 917.2478280976802 884.4463012655862 1028.468912463242 934.4285051877733 1085.4572025687712 2074.5288452932896 1452.2968554007907 1501.1704753300926 2598.4147203280227 2797.8807487680124 2058.414598392271 2788.842301011153 2155.8065495120786 1975.6673764157779 
3774.6070998210507 3928.926846407679 4350.036820171048 5732.284619042464 6908.779356581959 4402.174050400667 3255.545518757249 3216.5569208913116 4350.472460567993 5322.952006924482 4645.580340589881 5760.889033496904 6874.042620738152 6685.687744979824 7063.365729518583 10677.2902981311 9327.478370217748 11810.596135641144 13286.984608713228 25598.103696375838 53803.33996004674 199112.03300875815 612240.8954768096 102038.56689317398 32671.884253768196 17759.995330770736 13824.722688581278 14360.935877515725 12311.112184445594 6838.9597208222 5426.142512155799 5066.841704375812 2655.5254716199183 3133.7137662920536 1581.957290252869 820.8287658591619 2157.7995769455056 2193.574225565823 2369.0530951982655 2759.2009850850777 2628.448720874703 1745.7939591463723 1463.4414125533053 1937.9268997076585 1544.5377075626748 1747.8096380581214 2982.134618336233 2958.0848139251652 2228.0695002199022 959.9368806359116 792.6363250163416 898.8109295085098 885.5900693960565 803.7645430400769 969.3636588786718 1132.9032134171957 2661.7391478766694 3139.4920047210103 3047.9188069995316 3091.7714006064957 2832.388699388776 2648.3682107263244 1690.6938667337731 1546.5832170437109 1937.560974102655 1672.3629920247852 1075.7011758139365 1227.1517431963696 1269.4797280540763 1203.5615655842707 1320.0937379995487 2120.9745232364908 1827.239954315963 2106.679992226128 3038.5737939626906 2936.110259797716 2998.2801492877406 3250.0499878960527 2591.8813880681414 2118.182747625387 
3825.4292443744303 3603.3303775173736 4074.174078242116 5853.338269478107 7518.430706701776 4106.938723366185 2339.0883823636036 2257.653776435948 4042.594924482904 5220.18093616852 5600.761142511107 6695.96947915242 7161.350441038878 5133.078498056077 8018.046885350023 9611.434017719856 7864.646862958239 9728.580816765341 9978.50511422766 17710.873303284083 22635.359262142538 54965.145586736115 102038.56689317398 635547.1779126496 160345.53570348586 29449.327405294094 14109.921931344381 20092.27495187906 16459.401705792872 7873.840466011371 6802.167052678522 6288.509832999078 2277.6861559962217 3345.6642202489766 1287.0738419657773 742.8807545711124 2990.458657745049 2935.7304127418633 2988.226212267886 2960.6095245140036 3830.3403519171748 1632.1544860248368 1410.3438074486567 3001.5361238324435 1393.3775419448957 1736.10702004394 4114.4219335994985 4374.79253882617 3112.704154193979 905.6061760827506 791.5361176140937 928.2381682684443 865.2061804867562 865.1126219357961 934.8227425726518 1050.7942697512387 3540.2187955114164 3709.1253560818577 3428.6680571411844 3657.065609188202 3356.097079823951 3307.0308888020218 2220.4279901156547 1586.8366351632671 2583.02114403196 2500.159129914595 1282.038452569888 1518.193174042994 1562.0185987715022 1303.9254445927597 1558.3912467741734 2886.5159729604006 1927.1128859593887 1989.956336600302 3625.630260238205 3701.7926072323908 2732.042975214992 3242.84235578645 2489.1977248154935 2174.01233742989 
2908.424141939317 3042.216487999924 2859.2409306227732 4313.157847982911 6620.682154153524 5762.900850635778 3588.373259571445 3562.586388043049 5344.509093947336 6183.823878502484 5406.873012642474 4901.063278901147 6538.680680866905 5866.18371142884 7014.90858212285 8232.385937779494 6954.925508063861 9219.525792944298 9254.741806301663 16857.857287533534 20542.330734224593 20780.03526623887 32671.884253768196 160345.53570348586 598105.5387167832 124034.83108259492 33301.60941288098 33099.63403475499 18861.994300101214 6648.512008436904 5238.102164635055 7096.592814754672 3722.5955390803197 4907.090294565243 2368.9234439269303 1184.4165651394862 3339.9199369777375 3392.5478134500295 3783.8801646130682 4806.503824618787 4521.167569938366 2817.5238815210937 2401.925953833987 3569.7710334793096 2532.8981611545664 3054.9000927951547 4731.84155079385 3656.5353661196864 3787.8171412715856 1666.8835855539257 1440.1640921404228 1571.2438249827023 1634.1959415430313 1613.7843568667163 1628.9301199285646 1983.8773397107439 4310.450766516614 2606.0893271178875 2516.913765229022 2673.4171855386207 2760.2771470100793 3421.437901331606 2670.763856475467 2221.52954947296 2923.5470217195984 2569.0764388772127 1935.057594400687 2195.3603846008054 2387.2197189558265 1912.637950587023 2142.402027150077 2849.1378382460393 2726.235634866222 2988.9373867300937 3738.2701349166105 3184.227531820409 3179.7664206695413 3172.4985649124674 1984.3532864451133 1426.5755376275201 
2639.3120928897188 2916.7236628768856 2104.4341424962663 3282.6778788803663 5588.12959771718 10869.43784642763 9572.436835855724 9426.206038236522 10222.327512125037 8922.516709044097 6051.293749906551 3808.623391973287 7256.962951939798 10089.898904366 6153.382481319777 6672.968500200252 6625.067494382421 11177.511073280093 9691.289954689975 15843.872389782031 20703.95631154663 11917.411918896116 17759.995330770736 29449.327405294094 124034.83108259492 513767.370379077 165596.52730947852 72075.15983261773 20912.74413291651 5609.512202064154 4624.405381978378 10168.001064494261 9426.522331909178 10418.14453465737 5610.267673202744 2815.073550644356 4612.227288208043 4299.362519758169 5147.722408516124 6507.513703051759 4678.572005936884 5940.526897259364 4872.460731862695 3851.0096239990353 4735.0718830945225 5013.831918609352 4080.6590275976037 2374.9046225711622 3209.181153347639 3038.596896525772 2650.9400090402564 2588.4127910734346 2545.9516563139728 2650.6624980977936 2959.6985645960726 4000.866609827824 4442.792492678524 1523.027208981742 1505.5167451081934 1520.0501384238055 1946.3179011595914 2698.753242726117 2506.5656231029634 3106.916286511758 2562.1526280600333 2205.484794404346 2717.95775025721 3078.317346839287 3047.9346633759105 3182.269544264047 3047.7706575529483 2624.8060831753137 4081.059171237804 4859.599603477411 3269.325432816973 2392.423596901031 3873.0903471248917 3263.9959062848875 1793.7423934666735 1029.0145223965956 
2265.7481179005154 2727.23597481188 1408.8094126191806 2151.077263882078 4171.652314791731 14185.927951161504 14528.699960323574 14654.680327169668 12861.346114767866 9519.0726611689 5344.400148845754 2287.150289890179 6902.835311718006 12979.941043836112 4275.191981209802 5664.570372243707 6451.309068650997 11769.77819371121 9342.876857093272 14649.282613672118 20552.74337503964 8067.36033969268 13824.722688581278 14109.921931344381 33301.60941288098 165596.52730947852 554016.4607026615 110944.96272845873 21665.00836190796 4860.610320448209 3227.501342198923 10536.735895407019 13903.62246248505 13826.791113811578 8943.914002263333 4984.334115189856 4372.359674131158 4013.710382041932 5559.878905875934 7796.768138071147 4151.6702398784055 8435.861173092679 6698.217281153421 3142.396905178603 6456.12483014127 6733.314534548286 3460.792828126748 1394.4296121745515 2488.950305463221 4102.474111454905 3686.1906442995564 3338.7232056518055 3241.6513496446128 3628.6726881033405 4049.2854593951033 5904.007545675854 4466.199393822222 796.9045882425909 979.9476179121543 850.0009031795076 1219.5759861003735 2214.272034552237 2266.2645993204974 3789.1196129091045 2263.0325289060843 1545.3011928959247 3114.666924336684 3501.579074008303 3507.832193220722 4049.6735408699365 3753.6723073102585 1969.4873420386766 5036.2651993935515 6254.472440349573 2866.224416563868 1802.097513871927 4878.066923174519 3511.6514676818574 1691.6887018645273 628.5686769061159 
