712478.1521255472 86856.02653583021 17110.534860136253 19946.062991671744 20564.86797356999 6002.643783144827 6737.867099233015 9161.935059521857 5366.391356152509 3811.2435668131634 8691.865694368402 3943.7102148897466 4315.690302854576 4788.087754582892 2772.267415958789 4730.641979232881 7781.859285125466 8396.296591451905 6557.1602879342445 6716.073230528481 4147.146979629059 2403.335121740245 1468.8778053998558 1089.258391220852 1637.0427292795905 2353.6447803595333 1622.9419427423466 1408.0949051205907 1931.6266287751 2526.024485611985 1589.5915122942215 1353.866641239361 1445.7126658779794 1794.6115548985647 4518.5560314243085 5417.865301864007 5245.461780418088 5112.267454846127 5421.93031816629 4458.613672389491 4081.1655863307046 2736.795986239593 3192.527326881025 2335.282156760388 2053.2308993019155 2229.40912165525 2100.3003718534483 2051.6942783926115 1674.471060693722 2219.6061587645804 1723.792336722299 1624.0189315992016 1397.876982678665 1377.3306736423217 1466.3491808777198 1168.8064383839262 1305.3022911134249 1088.3243601214153 919.0756908593863 1010.2331576794008 1115.8682666811148 1381.7018304854819 1579.693214722669 1525.0740232007722 1592.7715903979695 1559.8599663947168 1571.3942728903662 1509.0388919313366 1422.3805550389968 1289.9141008453307 1285.1109736987548 1279.96742767251 1183.5146736644956 1068.3228322315783 1351.1050965074587 1054.6604041259022 838.8634244460172 926.9793003507359 1253.5073563639226 1014.2310213418554 614.5193253070232 641.6198329052833 919.4914101711677 844.5597023310577 639.0184967346339 830.7758743891411 723.2493315351983 832.7554996707631 1039.0658261692402 1201.986246257993 1330.212462201798 1563.0260893998914 1152.1855215418109 4001.9285850042143 1709.0666220600679 1254.658595114874 
86856.02653583021 501622.3019752287 146290.05306238026 32033.689856922945 20888.98661647924 17474.526057398554 14756.660236847114 10066.02754343428 8489.232701023117 8777.83218002712 7765.406220403973 8187.816839796744 8055.261188347387 7387.093434052709 7010.236980278107 5844.998370833188 4778.122197818377 5455.561939792095 6425.032906978545 4401.030458180852 5322.451863600142 4691.276008614687 5468.268492356311 4488.860848697866 3822.848859500115 3293.672045902774 4397.545823430342 4428.891631932611 3886.7807665438004 3701.326926762208 4150.521248702539 4089.209000970501 3501.010194778239 5164.008062411346 5093.053861250268 2491.4171964863735 2108.621293996519 1873.1297484908484 1889.7612715680925 2166.2016071082185 3162.279894254331 4911.381246687644 3079.1771773034834 2644.502692418347 2028.0501051219005 1714.045212216642 1796.4899543575575 2195.116889523136 1968.3739361762632 1623.7624505303293 1661.3560027771357 1740.5298829382652 1646.7208389642292 1438.9412922233344 2629.551731329477 2114.9799636586517 1714.305636142859 2157.0997681394665 2528.680915509074 1890.0640408723166 1994.6491664198802 2127.904811760073 1434.1682457890438 1260.7941640283925 1052.0321913332427 1447.8572816312467 1189.5180759087539 1101.8742159537433 952.6226392844587 905.0333428993722 1034.9685748683796 921.7130475707293 1312.5194436688823 1475.1513453533048 814.7567510197288 950.5989204634943 1886.5560747466282 1886.2634211268946 1330.445744632728 1752.5786633630107 1934.1141777276034 1859.5661527752063 1325.1804666858116 1069.2543780528802 1390.2538083246648 800.1846718375449 797.9626762374919 679.9371987595683 860.5624286474256 1094.7862889660423 1439.5829463861705 1510.0920340005816 3072.268146318519 1666.5507326919808 3002.303949992301 2632.438097328227 
17110.534860136253 146290.05306238026 499601.4463427763 95169.34659685669 39805.44613722319 26829.15762645802 17433.44841816456 10179.2255191481 8829.283028125788 8470.872230203453 6961.702329994958 7584.92349022276 7501.923463480797 6673.518015354532 6586.266084407646 4978.221610143341 3876.6335217332517 4314.03202813163 4952.372153787465 3528.920676751484 4793.46154303626 4626.416365900679 5573.66387668348 4796.721778051808 3693.642291184284 3054.276724821583 4294.552584819538 4353.915575314179 3570.1711647320803 3318.858358235906 3840.4407593006868 3933.444469862175 3627.1939362584867 4871.1536662898325 4149.935218917485 2072.0426884673575 1740.380248788485 1701.3334774744733 1683.8940334156366 1777.0274297433828 2455.394895813407 4250.983811189399 2546.695258025245 2256.22177245797 1939.0468489892758 1634.608629908581 1662.1806491676512 1929.8149089566418 1805.6288704958924 1552.9455489466416 1637.2840210628171 1775.9827155784403 1513.9851737400986 1473.9829749592716 2276.9844340029267 2059.5387507296023 1577.2188340959988 2064.259972008817 2310.0599609085766 1738.004381679188 1759.4117099512828 1957.806954405715 1328.7803670257365 1049.9067583220847 1105.5023791530762 1247.0567763507433 1072.4215013968721 1043.8199218578586 975.3201072762579 963.2683985307323 1063.6413814451075 929.4767325930909 1267.7949094882772 1336.712176264211 776.6765082324243 862.8093522562759 1815.4770652607197 1711.3144865723543 1181.0201491152761 1617.7056180308168 1910.0334272493521 1880.6009053875566 1256.5552549216904 891.8777634721629 1278.3072941866753 664.5182621948873 667.0765934305481 603.3056839257653 794.2916262030886 960.2224174379347 1189.559811505601 1228.3605586262033 2498.1618910562506 1223.4202491724093 2549.514719777338 2350.551450677068 
19946.062991671744 32033.689856922945 95169.34659685669 483842.01923711656 151605.22913287795 33394.150225588084 16373.486878779508 13581.852254772979 8855.610697445496 7293.860327742103 8875.117039247376 6680.427254136015 6571.43473416589 6593.130409684996 5304.664356664957 5792.746163954145 5985.905345050528 6439.872336385347 6157.6964694904345 5321.580105531918 4941.828271223536 3792.871279851876 3543.228614259119 2768.716233714622 2938.48814415823 2951.052645642822 2829.4915173753966 2665.098419435361 3199.8384940901183 3155.467659928974 2756.6554265124228 2440.4284349037957 2502.6961318148797 3151.7757994453364 4356.4123701542285 3281.6424566496667 3027.494433458075 3008.7705700123606 2918.8880274942735 2784.7983749072287 3589.4329814476127 4041.4311151515385 3298.599810124651 2911.9912063221154 2437.3215311491667 2186.534308965458 2195.2713517299976 2440.6265476865788 2184.091693988743 2181.823332801532 2067.2890329403003 2136.0513558782154 1893.6903345563449 1691.4954771516786 2157.8607940737907 1859.4122426141314 1709.3380170798441 1861.0297550078403 1784.1039630599648 1577.4963500915999 1706.963852800628 1991.3095227344347 1700.44281190806 1556.509654188164 1579.69647342551 1839.1839505177293 1537.6585255999157 1481.6754593917778 1431.8703062993948 1296.926072440044 1423.7926365266535 1259.4165123479584 1485.5918727547848 1496.7749727731111 1184.956392253526 1181.8817413761797 1502.5467130548773 1527.7878774740927 1428.0599720448001 1447.387538325913 1259.5569537006925 1280.9790559726262 1205.4614249263925 1033.8237482998888 1160.4870464284695 886.5603076166014 879.9966821147988 840.5275135460744 1077.6784694202815 1293.4750396300315 1308.5226080499656 1381.1392963599324 1945.7495408301038 1976.3099024893638 2017.0769806233359 1537.6867658897502 
20564.86797356999 20888.98661647924 39805.44613722319 151605.22913287795 447046.63274847163 94617.40527310179 25283.389587915517 19586.526287281406 11442.918185938017 7967.421407746198 10845.21116764595 6976.789797512583 6865.30188860512 7149.20502089943 4619.763988846974 5941.239838985026 7032.280848028341 7825.85057938001 6977.058908239823 6621.219414894745 5667.819297901048 3996.32439572854 3077.8681830206765 2398.762488272206 2852.9861683076333 3286.4866215700663 2788.166648336411 2556.993040873931 3246.0661930577567 3403.1368308125348 2568.974688682217 2290.9604959165695 2487.754269245635 3010.4000117536475 4692.057554647192 4151.972720458883 4048.0319380728383 4008.4572117201315 3903.7227049046096 3773.650774106009 4122.4461891519095 3808.265525341735 3786.1261548890875 3284.1466263809866 2801.707253748531 2742.072700902632 2722.601807715016 2740.863703460427 2564.048811086229 2800.2130742469126 2508.504193980208 2537.5049520697708 2229.1123219088 2141.0330263614455 2204.3154129592795 1954.1960124596696 1911.1231326665684 1811.467400492391 1777.2419199245626 1659.8169556578343 1688.3775954983678 2016.277443204717 1992.263043870561 1948.7949333848665 1904.4644639094101 1985.2926413008272 1903.943446310566 1866.7068960869283 1858.0311488602838 1713.1414967021312 1609.9929779612257 1671.7150560041348 1811.2175006092332 1600.647407777352 1531.6679112269712 1372.3242279439928 1512.8026630157237 1542.3586992554604 1627.1763340332598 1475.6627024881057 1216.189314062878 1218.1217906637385 1274.8308853073302 1189.4985410784714 1060.0926645652453 1054.772921542159 904.8708456456625 1034.41639503093 1190.9785538796743 1439.6000836625212 1391.7598548457229 1438.7634293398194 1732.0543404645498 2255.952122579726 1893.1908837823078 1450.8141093930153 
6002.643783144827 17474.526057398554 26829.15762645802 33394.150225588084 94617.40527310179 537370.3883752171 91320.81169898684 20807.924566596288 15232.156299732913 12643.664935187886 9145.438010264914 9930.641360568849 9275.336886723842 7425.268231886936 7088.885893145746 5133.885975957732 3925.8647285536867 4281.999011301712 4812.16312931419 3360.242585116412 4801.190820297752 5296.423984922786 6080.1926731019 5128.714690079481 4393.765014354311 3676.5359421735056 4461.763698023984 4922.276298154285 4226.17956435647 3636.3356308474345 4208.071801260515 4208.074466781712 4030.578465388074 5057.568445754244 3897.57591859707 1795.2016232324693 1533.087251015138 1506.4634287681242 1374.2332492125488 1515.2683663420878 2214.081448190943 3837.508187855852 2518.311341309668 2319.061598521774 1902.719424948606 1584.0894500904183 1634.7514298811102 1866.853154129505 1902.3801364290198 1503.7803794747538 1591.7238778296278 1762.772078427684 1638.3720218407527 1452.8788773000335 2257.9057758158133 2319.5646234215847 1745.9894744533378 2240.439307509393 2435.178126047266 1966.3395201777282 1965.9784020944687 2016.9000256922166 1367.4045143683618 1096.0312317176172 1001.0988481789551 1312.2488530242103 1120.9003489772347 1029.3627640722168 996.481664480393 920.5155399911919 958.8712191423449 913.9528518139324 1249.201375592004 1370.190121695337 822.7988225595772 917.0443590625267 1943.5282776023894 1847.5481762168529 1263.4803765896395 1788.799290912732 2498.884413407014 2172.9971088966454 1351.49905284162 1035.771753307845 1228.158034344104 591.4942578671553 761.5118894051751 610.4936899071851 809.348693804054 927.8427709565951 1224.2569328997693 1289.243878249284 2641.749120152413 1183.9701526416939 2587.8176146516885 2327.1866963317357 
6737.867099233015 14756.660236847114 17433.44841816456 16373.486878779508 25283.389587915517 91320.81169898684 513506.03419048595 78431.4615209334 35488.67252104546 21836.920240753698 14633.955129206459 13995.06590291396 12257.193302839783 9521.932916701866 6895.055294967098 5627.764029277785 4667.093362649494 5430.349155959638 5927.825749259013 4234.806803539043 5696.260587786115 5971.813987316102 5866.96573352699 5053.816110048942 4921.945536865417 4807.025757514298 5472.314675156113 5744.514591243308 4664.743639691258 4291.975231428698 4570.171183097373 4586.351336603272 4662.0418021798305 5630.183895651554 4727.4244290692495 2121.058772015405 1882.1978102173205 1762.4286490077936 1614.311343183977 1698.3202247389318 2280.0555563861085 3917.547328285085 2642.1097655134527 2261.4993686904313 2045.185093119606 1729.489667520452 1692.2651532705636 1777.3071492866256 1946.2248283572026 1592.3868793478748 1747.501303817081 1756.8154642041004 1699.2453077402627 1668.3194604489715 2486.8895060663067 2305.452051585547 1794.014178702585 2162.532509972082 2448.9782397725703 1966.8194864645393 1993.88532536744 1942.2594783324148 1393.9518987300883 1166.0945252800707 1100.6113139948766 1268.7604143178435 1132.7500632875349 1143.5473449177625 1044.96827845968 1069.754889319262 1025.8257233347676 1066.8033789693006 1391.470598975193 1455.9197709909504 857.7005850020162 1124.1370949602147 2135.893413780629 2023.078853657034 1499.269343828597 2113.8858961403266 2618.605910607478 2287.3785189393657 1558.6851763841346 1102.8305457925032 1213.4907131381908 604.6760022916418 725.1728299580885 660.9276456801847 899.0833731727014 985.1160937030103 1300.04020234292 1491.5792633762683 2859.945256378241 1530.3528224710954 3101.1177631081528 2630.5276559844506 
9161.935059521857 10066.02754343428 10179.2255191481 13581.852254772979 19586.526287281406 20807.924566596288 78431.4615209334 472304.14163822046 121967.49850259315 32205.773182228426 26968.637605115397 16212.080503507972 13000.716493057971 11536.01377783656 5469.25412458983 6649.524727852726 7760.02355626806 8670.219873356247 7859.554990931606 6473.883564424546 6674.203994122759 5154.59211861564 3469.291943967128 2968.7224203874157 3982.3433850310776 5714.897641907571 4289.2557512345065 3547.6728808493112 4020.5582780381137 4498.127879677222 3373.3032285693757 3136.531428260025 3751.958982260625 4144.430429551772 5757.106497019424 3864.368853857538 3479.339519032946 3345.298511839458 3224.0627865021875 2870.330286485561 3066.8129718959267 3810.6778774395657 3248.0199300631707 2579.0024518289724 2336.376359727109 2255.74527088567 2169.415729090538 2144.679517012657 2244.402052484621 2307.4814423093258 2146.4340288255657 2142.228773364318 2029.3013886826072 2115.5103941126226 2483.4837104786366 2151.8136779722076 2105.6677824046537 1968.4433533001436 1823.7432476912795 1627.8709416291208 1835.1083309345101 1740.441849338081 1646.6828496374624 1599.8461191290069 1659.1124892410874 1610.3561224379562 1669.912351440665 1585.0308601464644 1577.3518259597051 1422.8106262093002 1369.30995222532 1387.9659808286383 1661.094758336044 1647.9117607971714 1442.8958075398498 1544.191387671602 1838.2399098490082 1752.0272173164901 1997.9382331978 2127.930880931641 1838.6929808203201 1636.0576823247663 1738.16479227893 1450.7376458265692 993.223023414865 724.0531727281093 813.45724964721 963.8095953556655 1187.3214140962737 1381.4056317710226 1583.4764015153178 1910.768999932977 2158.8189751101922 2919.6917273839867 2749.252020655026 2188.718165150368 
5366.391356152509 8489.232701023117 8829.283028125788 8855.610697445496 11442.918185938017 15232.156299732913 35488.67252104546 121967.49850259315 446179.3966521199 139479.33571143748 40273.1509137678 21255.291968581987 15127.20014870029 10713.393305789823 6189.889839265742 5808.42758695361 5574.153943728283 6296.768127252881 6171.947393333299 4572.060906798143 5461.571968022507 4856.025903768245 4413.597546512808 3574.8557316544006 4013.044203646893 4710.264975776389 4378.59289879504 4042.882987467967 3747.7910345667306 3850.6950617935017 3464.321268713491 3370.6644604490784 3739.399746990238 4424.025298064912 4755.334582054996 2629.3911435298382 2273.184658356029 2188.966610162908 2095.8449866320943 1947.154548730542 2298.9287627347903 3278.9605370991862 2481.103176979206 2094.2105314821206 1878.2931780305164 1729.9756086568614 1641.6540182381266 1731.9021433547505 1848.8458505075241 1796.1236001532216 1628.523037161545 1718.0794025972348 1593.938777409843 1650.0538711001454 2165.807599719348 2034.3484800440394 1762.275325706556 1848.587483937568 1912.6963168157292 1492.8642534282058 1678.4891188676793 1615.7072082250568 1270.3956825312641 1175.8960314464575 1179.3996603441815 1264.5111610406955 1215.2447953508527 1169.554525282984 1199.7448165387973 1061.195666308744 1069.7011514367111 1058.63071984385 1356.4568156189418 1337.438236036961 936.1595110342153 1180.3005185960692 1711.5525312081238 1628.4266020646894 1552.3992343038753 1880.7801140144245 2008.5556047904895 1743.4689733138375 1527.3012349812295 1167.0684390565552 1023.9617926398507 647.3843085508478 693.7055678003028 743.3210034284166 902.7249593281866 1120.471580661104 1265.4438959256925 1554.1991668771475 2282.0192274972296 2101.6905171234785 2652.245456723197 2220.832048308541 
3811.2435668131634 8777.83218002712 8470.872230203453 7293.860327742103 7967.421407746198 12643.664935187886 21836.920240753698 32205.773182228426 139479.33571143748 453044.68215421296 139924.12195119302 31507.620048331624 18719.777710245282 11200.720764402153 8095.336481235558 5968.906228505911 4776.184245800282 5156.630976451167 5264.3213443459645 3791.1836804969835 4891.077832132237 5008.955210583705 5418.047954966993 4646.297461724598 4233.322565245518 3798.255518711316 4437.636829665535 4577.474691632476 3867.579037308121 3515.768815479512 3813.603559899291 3865.3301661151704 3720.0450791467265 4669.833291523755 3831.563150033352 1863.1128084721588 1643.7502812714442 1547.834037215145 1521.6488240713852 1532.5955430962124 2137.3112759492915 3425.1020245865425 2310.2709638784277 2121.299160502017 1718.1623694207453 1606.2901132290367 1613.7617900736461 1720.399555169487 1721.7650311023795 1565.5117232886835 1503.2305016761013 1606.5475640608006 1491.4521736210113 1377.9038244382004 2053.6016086845616 2056.6089846148698 1535.4322342389648 1922.8969064873072 2089.6085299329047 1717.6812615794515 1698.859081659252 1669.3704073133372 1259.1324227795378 1035.4777206024817 954.3200273911299 1210.516271219165 1042.4598363324287 1043.5285296231593 964.2366274278354 957.8167591156118 959.6114193332749 896.8872628678618 1298.2693544808828 1246.9712456102968 747.7048369755988 913.2010798038979 1769.1313282193626 1703.696013319512 1199.5351095830142 1675.9256764946535 2121.7721428612167 1914.849557015017 1283.1998843988374 968.3642063082137 1125.6169805098589 605.0738499730641 639.9641664459591 611.4751669891779 776.244601908328 959.4656785097231 1161.8265291292241 1358.8631496632902 2429.7705898052973 1253.7389757111146 2408.514190415047 2186.584877713885 
8691.865694368402 7765.406220403973 6961.702329994958 8875.117039247376 10845.21116764595 9145.438010264914 14633.955129206459 26968.637605115397 40273.1509137678 139924.12195119302 464234.8041412949 67140.3626485152 27343.54722953637 16620.81181419588 7451.689656092212 8594.51142315474 9920.116565472747 9909.028325891268 8219.13112913462 7073.418569552997 6423.587468524369 4990.602899499367 4046.1036735051857 3215.385121151943 3806.5289671996366 4671.76482772994 3942.9565264354733 3603.8841572320243 3876.3614166958782 4158.921125965154 3319.0891130396103 2996.6795484819404 3324.59790648169 3787.662363079323 5105.900371092871 4089.284331081184 3867.331926845557 3645.2920356803334 3612.9795357036437 3322.1929367441867 3378.1954753537566 3726.617935433367 3317.1073531822817 2779.430908567051 2442.3944604309136 2470.0927412788637 2369.606986990748 2427.482508212594 2250.6435903641245 2474.3278065002105 2188.273710086442 2200.8444825932356 1987.156443701027 1893.3812522351798 2277.1112100043874 2096.096516980652 2019.1548302417489 1917.9383651845121 1859.515613852285 1707.7601417200851 1679.8452313303574 1828.6453177793312 1623.3085893271498 1668.0100469970978 1674.3504808739397 1759.171941697452 1772.4772587062682 1701.5513551597192 1635.305599323454 1608.8621925226378 1519.691581767758 1449.9633858041675 1639.9383678563534 1581.6201649202765 1443.1458999131698 1574.979932660633 1655.2709626625085 1705.7416200644336 1804.5764593664373 1768.3133615902293 1703.391315242229 1586.869929234412 1487.0157285198286 1228.34442606081 1024.5358212834014 887.3181664097438 885.0544049505531 968.8372612304755 1171.8857073888437 1386.0147774782413 1518.428138712819 1779.0940812581289 2034.382245199151 2917.8739413817552 2382.9669125676396 1912.7724349881842 
3943.7102148897466 8187.816839796744 7584.92349022276 6680.427254136015 6976.789797512583 9930.641360568849 13995.06590291396 16212.080503507972 21255.291968581987 31507.620048331624 67140.3626485152 483904.53897603095 151249.42574290416 23666.428002179237 12793.126993046926 9378.901867228044 7364.043370443434 7554.2750797187255 7315.946641179225 4822.946245880009 6333.214160492038 6050.378738065365 6235.30486661549 5056.298138926061 4817.170807163195 4620.811639239545 5108.361290354552 4949.869904351695 4505.858669091757 4030.1105154812444 4093.0413269143696 4207.266265095118 4108.221575527077 5223.718679403588 4773.046961807575 2435.8786530622865 2196.720953019732 1968.1955055525998 1829.0866412911982 1921.4543230516285 2612.1113522031883 4183.060310056327 2890.4490041110084 2606.730598717175 2132.212667892956 1946.2617391926005 1926.8600888135677 2145.692476752734 2194.2134335361943 1855.4586283396357 1840.528894209201 1961.077267533094 1826.139502084193 1751.640319877797 2473.5744844236433 2322.6212108518057 1909.673084220522 2307.1007571037385 2319.1556917370426 1958.2634715919564 1933.3847485382148 2001.2107857667836 1449.9568728849736 1287.361182148264 1252.6907036411008 1464.2086726397326 1339.3894375314467 1230.5912560074246 1204.8227541593662 1187.7806885844932 1227.106875358435 1198.296745050726 1577.929768721142 1609.6999302943395 1050.2722396372585 1227.1714192975028 2040.5807642891652 1890.9664348836884 1581.197883694111 2055.1529731276687 2423.180651897237 2110.801085007137 1538.49876913245 1173.7671716600332 1329.2031426714059 670.2036318775364 787.231632112271 751.4629653073467 973.7874359257061 1110.3414038511394 1377.194887442872 1525.725285700616 2617.912597782243 1533.8680731932109 2722.5396002569 2256.531744649887 
4315.690302854576 8055.261188347387 7501.923463480797 6571.43473416589 6865.30188860512 9275.336886723842 12257.193302839783 13000.716493057971 15127.20014870029 18719.777710245282 27343.54722953637 151249.42574290416 459918.648186328 72325.1929063682 19542.51530313934 14509.611287189324 12193.939264623175 11083.130460586492 9083.616362262697 6028.689746323053 7285.373028499422 6963.988751930064 6905.972812806657 5148.470767287639 4958.869517353107 4938.92534925179 5268.088177188429 5438.11465777836 4808.607714355147 4543.212173766734 4676.380136772244 4515.574029673886 4517.787966880247 5652.58701730205 5486.270973270123 2803.394862716455 2432.6817988819344 2372.954581711256 2187.0452889067037 2222.8189029830523 2773.747507380213 4440.974011478464 3181.6940761262313 2575.499582390883 2442.5247838791856 2132.2555756295187 2086.3512654420497 2263.49693868921 2209.531216685471 2075.203015274107 2053.0312090702655 2097.170788658285 1969.5201879791289 1907.2758284001388 2639.460480195564 2618.9476245720793 2163.255856493195 2429.0253358445834 2600.6551296701637 2057.4971746337496 2138.590319779729 2270.5945671936397 1596.8823379851037 1440.9800443989318 1339.743174106763 1516.9686888947072 1430.937648294437 1378.7105900268282 1323.0631411463141 1299.7741942210116 1251.202749073819 1266.097516740046 1723.8794895547383 1708.0015171440832 1164.3368166143746 1332.4143712484333 2255.096822463079 2037.595122378984 1722.4257196646918 2203.4281471573145 2619.726771438072 2284.9161403631 1623.7903758374175 1255.1519260795346 1341.7871530520788 775.7662161481095 840.8145396347758 841.5178041703996 1032.4620384548014 1197.5797802603859 1435.7726456499095 1697.6038896225316 2803.388662238511 1726.509792209209 2743.4571900206233 2396.244064777723 
4788.087754582892 7387.093434052709 6673.518015354532 6593.130409684996 7149.20502089943 7425.268231886936 9521.932916701866 11536.01377783656 10713.393305789823 11200.720764402153 16620.81181419588 23666.428002179237 72325.1929063682 450267.22778313956 102403.28003829625 43411.71504910733 29758.87309661713 20361.526973442607 12678.942333839357 8761.699527212793 9663.794388129314 7293.887584738629 6176.936841204902 4826.5133151473465 5008.027446176923 5103.854410494561 5119.464838025598 4551.650090795955 4748.645271942272 4666.719361613482 4293.192103345806 3805.7168264978236 4144.5312493226165 4994.089018085116 5832.013619705851 3958.474483622712 3433.207704982864 3256.0704610881207 3089.4254094358384 3021.051649985605 3675.980708066737 5143.873370244616 4212.668014093699 3462.5827586830346 3166.323292506497 2822.0077243858373 2751.7142173900133 2838.79314778225 3013.595186572633 2769.5143110557824 2802.007758947374 2819.542966049227 2545.472098214703 2559.7688336429032 3165.044599930831 2946.992442350406 2577.3150611602427 2651.0638408191226 2533.9789829613715 2144.464388854667 2269.018793970224 2378.4494194202443 2129.004514928676 2071.8503739299767 1922.5505969795345 2050.908581405797 2012.4679003650112 1860.9785522466168 1838.539927183899 1697.3632886574833 1631.7570052538495 1698.2640399187817 2225.431452202925 2097.037270480659 1497.0236487936527 1673.0983536326453 2261.1193902758864 2177.604767660991 1924.5357831827719 2213.9423805726037 2040.325804028618 1947.1765906183473 1746.5181999613037 1541.6892001668723 1360.6647297008653 1009.9145830078942 1033.6017594933332 989.1384761174734 1237.0201306733566 1540.2353066809894 1582.619795890443 1689.4046813864825 2240.0393120642243 1724.9397573483407 2192.402971642744 1770.9010278031767 
2772.267415958789 7010.236980278107 6586.266084407646 5304.664356664957 4619.763988846974 7088.885893145746 6895.055294967098 5469.25412458983 6189.889839265742 8095.336481235558 7451.689656092212 12793.126993046926 19542.51530313934 102403.28003829625 490196.61409257643 138700.93672486223 37138.98076482502 17063.12618861092 9814.654550581809 5712.703544048566 7043.726910998302 6976.152831590631 8852.674786535212 6630.184305111683 4889.46544007834 3396.2820410503 4741.172637231988 4859.876108706503 4400.274161899791 3754.3732942868282 4340.388078259234 4165.116648360699 3564.3926472818266 5023.245225286029 3998.4357529449644 2230.092870488641 1815.3787197121553 1768.2016062260998 1726.4677566836044 1875.9760891681472 3021.372034897412 4525.506436716599 3058.503914033812 2921.8133986783637 2259.325971512459 2088.9415005658407 2253.132573067262 2492.7042562667134 2292.419926969785 1840.7897764714303 1975.4283060198636 2096.701501010284 1828.3834442053653 1610.9443237546677 2538.661312680884 2296.9220212319947 1828.169316260411 2471.45648879141 2709.054297461643 2201.124683542443 2072.089388545151 2375.981403556522 1713.226208315114 1309.8203258609105 1155.711478046708 1649.7059568730863 1212.2127853314169 1176.7942976206775 1128.3904193587077 1172.7633709029892 1385.0809020899835 1093.7372466876593 1502.2457662627796 1654.7578346641026 889.092369186431 992.2214377076613 2063.362297517889 1999.525168035653 1339.729358459028 1655.8626089349718 2063.411452623223 2035.707939773723 1263.4919857348887 1051.4071305887448 1623.2743938677143 816.1104998450263 825.7236868345578 713.8196981615133 902.3788235743181 1032.4513247294456 1200.5091518502436 1177.764125320995 2245.9117300650905 823.1792832936001 1819.9087301557802 1594.4223302013254 
4730.641979232881 5844.998370833188 4978.221610143341 5792.746163954145 5941.239838985026 5133.885975957732 5627.764029277785 6649.524727852726 5808.42758695361 5968.906228505911 8594.51142315474 9378.901867228044 14509.611287189324 43411.71504910733 138700.93672486223 408667.79498077073 141209.72558709863 42049.610117881406 15742.47178043566 10558.274786101387 9424.908940293233 6497.839546881019 5387.431694874062 3955.81451642958 4012.9017128065993 3751.3410592202476 3775.6388571221623 3411.2427822843692 4025.0418877676184 3845.004343270496 3316.5798060362567 2956.439631629987 2826.9789244035596 3729.1193670536704 5008.070532004454 4015.590643933161 3696.460881132838 3468.8446706629097 3360.5702731408096 3256.3926875081056 3578.7443235149613 4450.622374587003 3910.594536634827 3553.337838855621 3232.832757148018 2809.9490516888004 2852.8433870974236 2827.519210912577 2690.8383750673697 2724.374906156328 2689.046757722851 2737.7079703489567 2535.972188581686 2247.7278007517994 2677.437671413698 2278.027241277146 2096.8000186005365 2333.2252325545983 2128.531940427577 1822.1414051641684 1972.4500488828955 2181.271177884876 1953.0118110541744 1909.3607474432995 1793.7283686860594 2112.3105329709892 1861.888366829725 1877.4209591873453 1752.8945630538767 1695.1799857104481 1794.4688078541549 1591.2301792831975 1871.6863191430798 1874.060742040343 1572.4474913834576 1498.2998255604002 1763.0538894344859 1834.6641697404273 1645.2513362994732 1636.4181752561444 1497.687661741992 1429.7441211369871 1387.9097794083625 1302.1080732050555 1222.729030846691 991.1048764462995 1072.952383566894 1036.8894165318218 1162.9933885655873 1518.9341448592818 1394.8101736531662 1313.1541925546262 1668.4678564586766 1336.7518883115977 1454.0721701921052 1159.1026262516925 
7781.859285125466 4778.122197818377 3876.6335217332517 5985.905345050528 7032.280848028341 3925.8647285536867 4667.093362649494 7760.02355626806 5574.153943728283 4776.184245800282 9920.116565472747 7364.043370443434 12193.939264623175 29758.87309661713 37138.98076482502 141209.72558709863 448320.82499243243 89136.93857042429 22164.73517638873 16910.208080432392 11312.715980735074 5981.921083315007 3609.8620357086716 2502.603744382142 3339.3004845755686 4340.95467548417 3095.6736254291573 2549.438166723368 3635.30162366339 3959.375502903294 2800.6267989541293 2210.1889221031365 2499.6872833284206 2861.4633876692233 5484.349908102781 6202.756727042252 6063.817696613769 5674.226834291592 5823.329947488718 5054.380855357746 4484.003517582935 4324.542955729321 4552.973380807597 4160.901216655688 3769.5496284782416 3663.8344041097366 3192.337435013175 3172.7557242056346 3241.0209995691616 3800.5862204010095 3310.1841952553073 3167.4537043894334 2894.5602662651463 2976.440842453307 2612.6831513553934 2198.508234552795 2278.088052073315 2036.6799196467925 1700.9703793079252 1638.5836831499655 1914.1191461428843 2019.8939411082936 2248.1079200165354 2455.888896270821 2626.5702197621345 2564.751269036513 2536.3992150413965 2354.3559813379375 2422.9686931720753 2146.7008878195206 2135.097914532358 2155.75842776098 2201.18624438704 2181.6581502140375 2242.704753907934 1914.1807437674863 1576.6340434471858 1512.417252440396 1896.0763245251144 1541.6149730560098 964.7064796812924 1057.9055290738002 1473.3611658723646 1431.2446432042557 1019.0932580556226 1250.66724631946 1232.1124325120493 1340.4461401708309 1555.1992217706036 1796.097787581187 1601.8547657125387 1465.4668570650958 1119.834894704569 1980.8644367491238 1316.6195121588244 885.3293812301539 
8396.296591451905 5455.561939792095 4314.03202813163 6439.872336385347 7825.85057938001 4281.999011301712 5430.349155959638 8670.219873356247 6296.768127252881 5156.630976451167 9909.028325891268 7554.2750797187255 11083.130460586492 20361.526973442607 17063.12618861092 42049.610117881406 89136.93857042429 402523.4029856712 106397.29583554919 37107.204753468046 23811.386556419428 9960.287003692367 4872.264894264028 3399.62310414507 4407.01415160726 6093.357107960442 4358.113444489652 3421.469819058388 4723.1659910722765 5183.297865223596 3481.3307374405126 2663.3071320829067 3155.868742037329 3795.227148751763 8212.343423678602 8283.038455273185 7820.812633449824 7261.638048926357 7334.727608004136 6111.100601120438 5655.019536843405 5392.024443773631 5798.298946151737 4930.726003498432 4265.300572904394 4177.9561154256535 3757.2562448083854 3762.844685290877 3682.110168144608 4417.664591240989 3934.353780396643 3769.354536909273 3437.4097427974343 3531.5239600373575 3211.9081028479063 2592.606113781082 2744.431918564454 2402.4444159849318 2001.1797974418864 1958.1231495197771 2163.7668242929913 2361.8094856071552 2697.8277497483364 3057.8933663233415 3086.5238368895807 2999.8989678499406 3068.399021356223 2972.3708238697996 2922.521583468742 2640.1393524606906 2485.9546866048645 2517.6512280558136 2688.209977835209 2484.8838518555353 2647.389608404785 2457.939416266692 1923.65666619263 1853.2495625216748 2480.370726183282 1843.6452420253895 1336.993670451401 1336.2374505203516 1751.446048197939 1693.84599230625 1176.0591086707439 1298.7057917654372 1313.473530277545 1554.9111338293242 1793.3601508493757 2237.334267654009 1970.050748395948 1854.159603352479 1419.2556180464771 2446.4165321002147 1668.4634677729798 1145.6092037183914 
6557.1602879342445 6425.032906978545 4952.372153787465 6157.6964694904345 6977.058908239823 4812.16312931419 5927.825749259013 7859.554990931606 6171.947393333299 5264.3213443459645 8219.13112913462 7315.946641179225 9083.616362262697 12678.942333839357 9814.654550581809 15742.47178043566 22164.73517638873 106397.29583554919 403230.4811237955 101407.47833455753 55539.663794792425 15703.500341955585 8309.286470356226 4710.662982632816 5673.731485040425 7220.746014632293 5646.593530219947 4474.016684666333 5651.310880933463 5879.303261440104 4182.051517829268 3254.8261298704433 3630.97020950807 4672.523545861887 8585.801378649461 7195.6639651581445 6554.601332915094 6210.226675558982 6094.186197791078 5418.005829303868 5267.502657682135 5815.972012121506 5677.080723615953 4752.722597759208 4217.346856115555 3964.957489757985 3546.4128921408205 3577.2945371617175 3735.8296664349314 4082.525824623803 3802.865972409478 3740.430183800422 3485.275154717596 3586.1957105727606 3724.448810771294 2796.7262872414 2871.1135889440766 2788.289374520167 2473.5201043636835 2186.0476254341656 2451.758631165988 2577.025556733196 2704.295173224569 2788.8419105957923 2832.6027166871827 2680.3638534959737 2754.9197542263973 2800.743514688553 2692.2606085238303 2492.6312845735924 2198.4912426413985 2471.656051999617 2636.855671656294 2584.0851331563754 2429.401744496779 2518.709725238195 2332.6770225371515 2202.731511648393 2539.596511090007 2115.4260653179035 1623.3303787467667 1544.2230457952585 2062.0303955051927 1857.6745437019674 1438.0258514770128 1235.4537652933607 1337.3954678322061 1526.7213953088594 1850.47733833863 2153.003981472687 1912.4471698073473 1896.3560564578024 1858.9633164915451 2155.0904175661994 1937.1270203446663 1336.0038505202256 
6716.073230528481 4401.030458180852 3528.920676751484 5321.580105531918 6621.219414894745 3360.242585116412 4234.806803539043 6473.883564424546 4572.060906798143 3791.1836804969835 7073.418569552997 4822.946245880009 6028.689746323053 8761.699527212793 5712.703544048566 10558.274786101387 16910.208080432392 37107.204753468046 101407.47833455753 455624.33093596506 110879.73535901183 17820.97066854996 7600.634186522336 4191.818648405197 5505.328672593277 7438.933085152335 4841.97759397562 3659.506184598126 5034.26881860117 5512.112002558145 3359.846899585271 2604.2547477021667 3062.887714029606 3409.3425971557567 7176.041373658967 8077.819071230679 7590.677882120823 7183.706340355393 7034.426586561843 6367.500066613485 5219.631606026502 4781.0645302775265 5459.48661673954 4785.008358163487 4642.586403244451 4524.436456033881 4106.6253092851175 3575.1320254224984 3778.625150568626 4661.016701620644 4270.548136268181 4073.6589456527045 3614.0666694948304 3819.318829608054 3217.243287454194 2586.0009875891856 2899.7588984234103 2433.7695172605086 1979.74072804883 2088.9503903730138 2280.5243541764025 2369.97538439522 2823.7792361225825 3206.071569366729 3468.124276533312 3089.154284486885 3185.753796559079 3095.071959356408 2982.5682838316857 2723.3316160017225 2546.757057379871 2818.6830033587826 2723.215321952213 2623.067638396248 2915.916071158 2591.1649565470957 1765.8920831171117 1857.5920649255759 2478.6286143497373 1743.3732376358437 1208.2108352014045 1167.603673015242 1761.6083657412116 1938.026165865614 1224.2354437158508 1564.8744940245233 1528.621536368917 1744.603754696456 1795.4106889956774 2330.5579878348385 1790.9061580662506 1728.8205654221188 1294.8015092375872 2042.4265794107805 1356.107564831922 922.9974014209602 
4147.146979629059 5322.451863600142 4793.46154303626 4941.828271223536 5667.819297901048 4801.190820297752 5696.260587786115 6674.203994122759 5461.571968022507 4891.077832132237 6423.587468524369 6333.214160492038 7285.373028499422 9663.794388129314 7043.726910998302 9424.908940293233 11312.715980735074 23811.386556419428 55539.663794792425 110879.73535901183 395582.950830736 101545.93562572674 24397.663927167116 8688.958598733429 9364.103719326233 10498.847541064986 7646.922749821508 6016.69917241637 6591.158800079079 6526.323277018464 4837.5725685213765 4006.5054675983365 4648.022017573983 5614.062616844117 8139.026798820267 5796.948270383741 5222.337653055423 4833.293050718083 4685.086250920855 4420.840854844187 4699.164867945179 5922.088302594769 5408.916082006943 4726.267895913413 4303.147847616646 4046.4164008330918 3639.689826840741 3619.2479437213533 3735.1643583548625 3975.2374881007877 3870.2624314495188 3875.593574766285 3605.4862951823616 3596.7272534453655 3859.1881737161957 3358.243859513435 3159.51989495035 3047.624250481784 2725.478466133982 2541.256113075856 2721.0400469228557 2864.3179285794868 2701.847929763197 2646.2131045443707 2812.1809686981132 2642.297391554077 2750.727660640427 2723.9844578535303 2639.4184088536713 2473.120112615058 2205.704972623884 2381.411109291906 2797.9009327300546 2763.973842109175 2099.464600807841 2422.16594455078 2516.6845175149006 2491.7250774929644 2479.472125148262 2302.010224533068 1976.0272550557452 1893.669499275932 2083.7806003097667 2056.2556298854006 1545.972112799511 1290.973841270938 1329.3030775827424 1343.8455036995306 1665.3447857464398 2026.2291759809254 2004.3218382215118 1887.116203632722 2008.1449517459728 1673.6115802483023 1921.8291407351635 1386.222826074423 
2403.335121740245 4691.276008614687 4626.416365900679 3792.871279851876 3996.32439572854 5296.423984922786 5971.813987316102 5154.59211861564 4856.025903768245 5008.955210583705 4990.602899499367 6050.378738065365 6963.988751930064 7293.887584738629 6976.152831590631 6497.839546881019 5981.921083315007 9960.287003692367 15703.500341955585 17820.97066854996 101545.93562572674 442057.4620709602 157071.4561655341 18071.78340592665 13361.561934804384 12518.46503824359 9794.449125306015 8226.890928305145 7049.918328348672 6407.344023942967 6154.291100102551 5674.037479833295 6037.863808170219 6369.423200242821 6059.946248468617 3450.229262314701 3305.8565129438657 2991.516453275316 2874.017918401853 2757.5804418975385 3379.334708445548 5087.44116423497 3883.9708415913806 3565.7548511687623 3165.280343345001 2918.270720881722 2705.9359979085757 2904.3527385545435 2984.174342963806 2769.6070032733105 2707.145344692743 2845.3288404692466 2660.6018637803577 2560.528057518453 3231.5970937465754 3083.617528172844 2605.646060508261 2851.027253643657 2773.788298986594 2533.9381188242182 2625.014730889508 2753.0317820174832 2137.9452050960913 1939.7710260335825 1984.0733549543565 2137.437730383759 2067.715201243069 1843.594804193187 1937.2745844762749 1787.7312902601852 1777.3978589690782 1740.1934474885243 2212.194086119345 2166.6803321417624 1499.8565228501093 1704.0275935083944 2503.8956918180256 2383.3644441544093 1945.7297048000219 2461.324500240765 2826.502897561219 2520.5579647175405 1997.6502310322512 1578.3222571895863 1587.3006554879064 998.5397808661556 1060.361266158355 1067.1790233933555 1311.589047109241 1447.8264760416673 1684.3480336463656 1824.9485984295427 2374.0992536791578 1306.7294420895864 2084.700927387878 1846.3679702988095 
