438043.09018387244 92974.0821334785 25534.54049825268 12167.697794355572 11512.70887130909 10195.458308029902 7921.613950819723 6744.831049717382 4773.404408452318 4485.037531296045 4295.73961890808 3853.925793706379 2619.5379317136462 2166.0020512882174 1886.9846068035374 1797.4731337979733 2117.9892042026377 1777.6423206621453 1750.1287136808544 1656.1880021531117 1906.468826600524 1584.6516590222282 1557.6910177252314 1254.6787604082301 1081.0142388324807 1123.8549414694949 1585.0081131067238 1916.546865849548 1259.7368378960816 1352.740307510725 1132.221655484008 1263.8630138303915 1301.9533990931818 1440.5591115615598 1303.8200146744173 2175.166968234555 2116.552397248503 1866.6139363153823 1383.42356733077 1547.5614354854429 1704.3928211312164 1756.4785325164016 1828.6761208196076 1074.4331381949355 1034.0883738355055 1134.355558138171 1850.8211376171644 1457.87598595704 1339.483146773572 1476.8547330654467 2059.4190054875307 1637.1325196087973 802.5385072535346 478.6892586454318 843.0026299448419 2224.4770362853137 1875.6146233213426 1741.624948430704 1741.677920766905 1804.0747504467406 1543.915790099401 1396.1908123940427 1573.7931376005677 1434.0921484882447 1475.1707115453817 1512.8492613412616 1508.4080002204892 1350.663959464772 1377.0727433309346 1658.3735480075354 1253.43481620796 921.4794189775329 862.636639314928 881.1389660586162 1386.2097508539796 1295.1760972887596 807.4688351079274 876.7387023205292 917.4328453201434 1422.341883750461 1293.9064728309183 1535.5849106384478 1708.171272876245 1670.4261042138269 1800.505911855216 1582.5899239031228 1288.8090391194287 1189.067756685083 1135.706513600942 1213.6123353658945 1454.4797558773985 1389.3994088337752 1374.3404171694401 1423.0449642347137 1136.8097461888788 1086.752216928549 805.3800067711089 601.7657859939304 627.2249960552672 950.918757107467 751.232081911206 565.9731598087267 545.2571945042332 445.2500295466465 704.0432124797126 1002.6245948948573 963.4282229348082 1068.6139258608275 1160.2036658047195 1235.4934944322258 1211.5700520216276 1108.107850964343 885.3329422949449 621.9892642208109 645.7095462836521 922.2904386227106 2563.669170792039 2635.13755182791 3930.0057990070795 4119.981299900427 
92974.0821334785 342860.95299468073 90273.86005941743 25271.01792506634 21086.070516722277 13582.548501524552 9476.726459311478 6483.186272119868 7103.424352871315 5140.669153967375 4635.039583251704 3346.013540027305 2980.805616853291 2231.0713554042095 2030.7157931891875 2069.669333038327 2021.058794454815 1983.2020286486497 1899.0576299925206 1702.7775901835728 1749.9567450044708 1566.3384774498331 1399.8713902655804 1347.6156546416264 1231.365366354591 1355.5318361700383 1557.683443632706 1655.9395273364594 1242.843621887671 1242.879656887427 1143.0579209019274 1230.025190754761 1264.2381175994547 1627.2113037345844 1614.1002391361756 1979.569002165033 1975.6583738225772 1837.338666716957 1809.8360421683255 1940.481401302708 1756.796149426311 1681.981425831238 1756.186480403502 1299.0448223954052 1254.8171843828216 1447.6289350439117 1889.3792858789695 1789.952558541595 1724.6230629674676 1780.2192928606526 1713.2946223865938 1448.0601595662947 884.1352595092832 423.7234818924395 885.0540033509506 1668.4183836644481 1551.2193444489458 1633.9936495356758 2448.1052185465014 1344.2698906461433 1362.2756122995022 1016.4561673526065 1250.5264672369728 1034.5574381044912 1524.6504614969529 1215.2912110789784 1153.3217023840725 1388.766614977286 1535.0008847278534 1694.7921037830347 1435.3644065398933 1199.9074050774354 1173.703006908542 1366.499584133065 1224.7784502786294 1410.9444562902563 1309.2465832043627 1222.1459644547192 1423.4164928434634 1284.987353629248 1442.696254747533 1655.191591773124 1605.004162430614 1879.31032820852 1784.6991213209321 1943.2744835609958 1701.7890429549036 1121.8268634687963 1640.59440485886 1221.3728004547806 1112.5618229543134 1432.3922157124541 1359.2122545541777 1437.2346975887863 1433.425309899844 1260.8110747412463 1001.5495003073615 738.4884478490837 763.1468396898749 694.0533212780527 657.7489735113147 617.6483328420119 508.9739542246498 551.2304206671927 650.5104256261905 1083.1527699192047 1141.9510209672549 1252.2137745955822 1179.175055672892 1359.3961323016263 1418.5089190958884 1422.6415506464498 1039.3754661012076 749.0396739681435 784.786314789426 1157.5096507734556 2069.4532763566463 2429.4661608806337 3211.0443835751357 2473.0339121641164 
25534.54049825268 90273.86005941743 333379.190679058 87925.08610296462 36423.66484976037 18396.25686210363 12055.282030854447 8061.1870196927985 6853.955185029616 5577.527048377242 4973.438445342223 3841.9265813725656 2739.2280660041924 2139.9487449086137 1843.3029800915624 1865.1687225710732 1945.622721486798 1763.3695504516218 1658.2079027170907 1598.835815332734 1717.3928932096876 1501.3340894864507 1413.2142013536857 1117.2384934216395 921.4544366319763 1173.0999419017733 1493.3315393275 1644.1806386469407 1143.3122081952674 1226.7700525499295 1236.718622454669 1183.0255407788952 1339.173868486433 1389.8922672814142 1349.4581027579247 2064.318862377524 2064.2847152264667 1939.5871903962695 1689.0334137304676 1872.5097162799132 1838.2563738678532 1721.5275933566413 1809.1284346635578 1085.7102583612243 1042.5748380426435 1177.2549421776464 1685.8269374449728 1556.3045239277444 1378.703562385896 1500.6907575110972 1767.7448076870232 1343.2679094831476 624.8490258550268 275.39631249259264 740.2488900622066 1796.9033710020062 1665.5975068349985 1765.1182625460165 2132.3034348509127 1601.2200893143993 1526.0402985561846 1398.02795373645 1448.873373383031 1115.154469795405 1610.1141418214986 1393.8335828320135 1291.7286882068208 1453.8981027347104 1602.7121346302947 1757.5416621807492 1324.2583294630763 1057.1320377758932 1052.645019926831 1095.5008852837993 1318.9515849787444 1448.4764238493565 1007.54359416545 1066.1081006298004 1064.1305433856066 1354.852669712998 1417.5177466247083 1682.2249730302008 1728.1859415042525 1709.9439260421889 1663.711585977631 1714.471861477343 1513.0897210596202 1123.975336499367 1387.7476021485147 1243.2789432958066 1215.4015195509799 1412.6556391119943 1391.2097279808227 1550.6745205472805 1303.9945955385956 1126.1020006232468 888.3193832393059 603.0965354945619 700.2385543647906 780.0032157429855 645.969149787507 488.4572104072967 472.57757253188896 356.5277572466969 568.9009146114823 904.0174849523783 942.6138063638665 1154.196320116339 1216.8909770273026 1211.2690347056337 1212.188247373201 1172.5656773863366 822.8807490678118 495.36643796913336 500.8418028501029 835.1678440882538 1783.8983817337828 2025.5706639364275 2504.0230453864447 2023.8906696019596 
12167.697794355572 25271.01792506634 87925.08610296462 341144.7413247698 109283.9381324959 27375.159844564634 14388.940610280217 8542.012941361785 7229.390915401023 5835.381109286326 4934.349257534269 3768.45144738694 2614.2017234129326 2296.638115233828 1832.076079659902 1623.0718717426598 1936.3566183198375 1609.3892163857445 1499.0487527796429 1388.6643962499816 1594.0279559325224 1528.0571982473227 1582.1779786491945 1064.1673010651198 854.9354924583963 915.7783557632649 1312.1410792401375 1394.0954991398924 1063.2496265754974 1266.5560215774524 1054.260556055424 1263.6691476454992 1291.1858349002407 1221.76934672783 1222.1798292133442 1778.639210477137 1750.5319612052506 1686.6999751096382 1522.0109375975128 1801.166551489237 1728.3065857309355 1517.5538982247765 1437.2981394119265 949.4157531465534 892.9902497505773 1020.2331348959083 1479.9323117627703 1269.6742934803253 1190.2988369473303 1326.074232743973 1423.0515752393762 1093.0370875862243 548.1114455021257 217.7834758448654 601.4585179820884 1507.0092757968678 1581.1482847742839 1622.95541138216 1971.3358283278753 1560.8376859849755 1350.4792716166123 1182.8974024526267 1307.7199939692696 1101.6216632020787 1385.3490837810264 1313.906751009792 1237.6478545237383 1329.8898971202775 1549.6913308318747 1547.3512909819383 1290.4607217389005 1064.7337278844707 904.0205322450365 936.6039067937231 1272.4000384862672 1282.758427204379 950.0055927866196 873.1143549569415 913.4880937856798 1260.4135334070368 1310.5215934008777 1570.1158503281956 1558.8133561328264 1547.5189803824612 1475.3498373215475 1544.1165586594436 1359.251658925804 1177.969598342303 1404.8540910125691 1343.7435041741126 1247.4716546787488 1495.814040237223 1436.0624858220383 1481.3411980264354 1149.6420037933951 1064.984508087943 776.8726993706128 575.2221583181403 659.6125789059967 790.3475489939553 528.8196347678927 457.09217854902545 451.3884552034846 333.31637018436606 457.2435723852633 730.4295277924027 815.5540727867901 992.806082839964 1011.1357651879238 1096.6944589652303 981.3740597065226 929.2886879987425 615.4303291580567 420.174699011208 453.6164923212799 614.774645371792 1416.228166850871 1653.040928420026 2038.108640925607 1722.524593527498 
11512.70887130909 21086.070516722277 36423.66484976037 109283.9381324959 324317.81462368806 72944.19092112071 24388.373408154916 11537.945536749003 10280.723344036658 6659.760060872296 5758.829405766255 3710.6356459186527 3177.682614487887 2137.5551408830993 2080.0295381594483 2064.82308899528 1986.413554673101 1922.699648513259 1814.1588706734676 1627.5576329440387 1646.371256849849 1364.6669475657159 1203.6455820169213 1204.3198529276551 986.0472143851458 1085.3700937531678 1307.9360372340798 1482.8119591061702 1133.5851033814015 1119.5402989408808 1103.135181306254 1150.8072082827896 1194.1383236559025 1354.9950060767321 1478.0195734164854 1887.4131802915422 1926.6120151159819 1710.5953841347682 1746.2991294181315 1800.9585096998012 1760.0517939219546 1559.225794642639 1568.8134682216248 1020.928489843846 1062.2264660799483 1255.4412416013172 1584.7341522808244 1464.5594872485249 1445.0399582239088 1449.3345378171796 1454.3697514228722 1094.8701914702815 525.4411299060636 305.61392186971943 678.6073248524027 1476.6479136504504 1523.4578821072157 1693.8665235517735 2465.4874215733907 1510.4190313950423 1465.497662843306 1165.8477993578806 1461.5776754695253 1167.1434813377796 1669.5662581988922 1286.9044524510718 1286.218926209413 1606.2115655670007 1733.1083904861273 1752.7176083214104 1310.5502811538936 1108.5147111332365 1134.1377387605637 1212.572401307756 1179.956551616272 1301.4357627733164 1100.7638612555472 1095.985959808163 1223.2379956644847 1228.2700547184616 1302.7934528397602 1584.188906413976 1701.2676629283073 1850.7732933691063 1681.790655434793 1872.7133829146123 1639.2468032828122 1093.4274967881315 1618.1616781535367 1232.6071672432238 1239.5023904162508 1486.6573895851907 1329.713400709459 1429.0255684775443 1220.1581874508902 1162.2900744496505 865.0767311768055 651.0708212132848 654.1291054111723 573.1888689161625 534.6725576482323 528.4518564491749 457.54679854923967 450.1430372940037 504.37221844671416 870.0856348371559 922.7329205975233 1027.3999386608723 1030.7728627401527 1130.5360310015926 1100.4292764179083 1092.2619775486605 722.2418174668468 544.7650099261919 511.9470446132832 759.3972867822496 1532.7613211319613 1724.561522118737 2147.1884496678895 1633.2223235815213 
10195.458308029902 13582.548501524552 18396.25686210363 27375.159844564634 72944.19092112071 350147.5299377321 88931.0809345497 24345.94645154867 12682.538129160148 8712.049023214564 6450.077932097834 4858.8655332187045 2875.770383352765 2215.9735900105343 1834.516776869997 1778.6326761900023 1933.8518070766963 1626.0280079504166 1440.1021827531358 1409.423075861402 1625.4903401071006 1392.8063457128405 1298.4364344979676 963.75900915527 811.3485724562619 857.4542734117534 1365.2777632497605 1510.495169816566 1063.4330587625288 1204.10589796942 999.4639915751177 1127.0331612248185 1156.5778665512914 1183.691981631345 1164.5697103502005 2045.8327054607284 2103.328748687191 1830.772354646553 1395.830452711754 1541.076311314279 1815.436144769102 1518.7120434991334 1554.3919142900652 864.7025365564858 813.4536947237905 941.0665546754457 1375.8342228690979 1213.2021910301007 1061.2138484219988 1180.3115407325317 1490.1679139399355 1033.2348521527879 458.7133160179475 175.2170904693303 485.46458642516143 1722.4239291169963 2152.748177809375 2124.138036601928 2334.0828044104787 2053.3574629988507 1989.5352755739393 1780.8010770412436 1914.026075448114 1783.6690976466912 1947.4587274527578 1794.1288500037713 1830.9605515974768 1810.1009171295084 1807.4871171434074 1865.79943034462 1171.0006573255262 901.0128200997951 835.1299271195737 924.0359347654963 1288.8923211119238 1234.4376490641512 744.3731817446387 778.839457970976 873.0061213480298 1419.2001935401 1427.8055917829868 1757.4897526595485 1829.3658806697088 1784.5893664641924 1876.3574190508093 1664.2319050251374 1460.4590110069666 1232.2550488253287 1370.049872136029 1347.741022154431 1577.490901601018 1680.708412823698 1712.663323581449 1655.7696589445945 1126.0595643975855 1018.7731121250921 669.456268151115 481.222921367865 542.6169614775091 755.931658957836 551.6958618605987 446.89142102912655 321.1011415253055 302.0161195802905 427.6142755757103 713.7236561277704 833.4353037614102 964.9178107373431 1033.3965746260258 1115.8134731043026 1009.0992365071506 865.9393645206095 553.7639128248121 402.3296306253214 348.84702988652396 559.7541598374595 1745.230452689442 2049.126019987861 2497.2158740826853 1979.522243245971 
7921.613950819723 9476.726459311478 12055.282030854447 14388.940610280217 24388.373408154916 88931.0809345497 342027.34752096754 80057.58275783951 24354.43396086588 13767.306558408114 9055.958885372607 6235.561688295796 3520.747276012289 2635.3068861286442 2256.1930465932105 2102.5985476443966 2254.002635158403 1828.5856348861505 1679.7240406074623 1508.1303613731266 1685.8712072559886 1552.261890560331 1424.8176691551378 1115.298820519045 826.0889152526698 953.5797687731615 1451.437024356978 1743.9759395899216 1206.5192260954607 1329.3615733434644 1227.726869330078 1184.9872107764045 1364.3491682137449 1321.4780351280933 1274.7496347602728 2221.26252620302 2318.8653321179795 2087.4362918003567 1580.8374358396406 1766.429485674498 1907.2403246684983 1769.8181753875845 1721.883630619108 875.4847320933243 863.9149235368023 979.46606910684 1467.1541076159544 1304.418173130859 1103.0420435009798 1236.94077675949 1573.2345891522787 1134.5018731625137 506.3722161824541 202.01527182872127 460.9509298577681 1896.312099326762 2239.0018940514774 2292.9285027092806 2408.414240123748 2125.6549864104068 2053.6140731121764 1823.7533649249679 1928.426228258636 1754.654693781664 1857.2680235974196 1767.657096425308 1783.7251920690437 1798.5034696694936 1927.6505823774594 1919.5658463969858 1246.701396510339 851.8697727859903 827.1006329688762 873.5477754041191 1341.8612446467748 1235.3121337286702 776.7810680091708 725.9923236178831 852.0135287105857 1439.6274260967366 1464.865472130883 1628.1448096765066 1772.0775299182185 1691.458334961403 1721.3002549847101 1532.5721629764316 1369.0843657275127 1174.6384970512154 1277.1174697047704 1300.3566607261473 1507.565741353294 1703.0458982721611 1728.6752327697393 1704.7357338604515 1157.8180357964497 1048.5506865341683 813.752463391141 530.394691028649 582.1431111691445 825.2786634332742 584.9003469776052 440.6813973336755 346.46378594077237 280.32612281072073 486.1393971098513 724.1085440123967 822.1270712211691 1012.6886385934586 1028.2452132560777 1161.7637733850743 1044.288067825629 903.1347606138726 544.718191734657 374.71733290408713 308.8342011305654 553.2473670608277 1692.2981335134266 1955.169172505231 2218.889978968049 1573.915969184633 
6744.831049717382 6483.186272119868 8061.1870196927985 8542.012941361785 11537.945536749003 24345.94645154867 80057.58275783951 345679.94674678263 91211.33990740479 28867.055886833918 14785.145663607862 9572.410463545611 4039.4305188175863 3106.176987731091 2182.5655817249667 2151.7294792852417 2651.775599131027 1834.6348533303799 1709.833709491244 1601.9662221716637 2008.1115817876068 1762.9184750581633 1782.8690430979004 1030.319761295954 713.5723930612041 885.6358806085135 1572.3754414748464 1991.0018916817478 1197.3322422049898 1466.115172591583 1284.8461548609741 1341.7930456358988 1420.0118266899538 1244.9582091733375 1068.298595073722 2610.1003312597027 2255.000109279727 2164.020185909682 1444.327184267307 1717.26690647881 2116.029147038922 1769.1621937854613 1717.7479234206298 798.4424119220995 796.3691797348426 926.7212805417566 1594.0088228144211 1188.296906898058 992.9854369467785 1237.046261144853 1847.934973388743 1248.8617455620936 369.9808933135766 185.81892567626664 456.6584758900294 2142.8989109970175 2348.4943302368106 2118.4102024352637 1823.4377600200544 2041.9999324799987 1744.7669030388342 1601.598905427088 1625.855391399306 1604.0577240526468 1384.1798705209646 1601.5168930273335 1730.326204115985 1524.9978066867468 1602.2715361994472 1890.9612155958748 1196.6499737007123 794.9181667770328 669.7571784669394 793.4696283606767 1533.5670427363227 1270.958273887562 612.8256917825714 615.6749712253715 720.5453898846434 1445.114250126165 1393.7715303278792 1664.2321914163438 1622.1308062663272 1438.1965184192775 1573.258215647172 1145.8152071582365 1182.5359657951926 1172.469467425138 1004.6227856554258 1224.2711044454597 1492.8741353343446 1554.0735294926958 1693.0710546364078 1803.902491799506 1137.4878929306917 1027.1722558209992 733.0408659380778 456.13043278686354 590.5924025973804 977.8403188575534 639.9725057321648 360.37979420293516 390.60789753837395 236.80220755210001 451.1741572109785 715.4267973027937 814.268274401903 1045.073052306374 1067.2850191415507 1171.0712726735387 1053.995888151397 802.9722493729342 459.38649636704326 294.70184031422406 279.74701420134414 480.4498185259305 1677.047117807702 1757.0515404155467 1914.4071610133624 1429.1737519477679 
4773.404408452318 7103.424352871315 6853.955185029616 7229.390915401023 10280.723344036658 12682.538129160148 24354.43396086588 91211.33990740479 302982.17948146054 79251.0011377546 29393.061298902743 10000.004445449053 9765.386965179783 5517.732929697752 5071.555129175307 4975.872895243658 4313.4246948087875 4346.465863690642 3774.3416454551048 3141.7799545890152 2868.4507473852423 2413.227978473912 1906.802110785103 2164.0889261490665 1980.5308668595042 2218.016776864429 2346.3388235662005 2529.427696268521 2024.7644897761704 1817.9739419700663 1848.6866661088804 2014.0188347163166 2138.2031183447616 2475.2140743988625 2612.431696123229 2563.7835666656465 2693.8444637293 2498.302725826126 2696.369475552133 2719.756069986209 2473.039346575178 2282.5351074136456 2296.7124587935177 1944.2892750031563 1821.7675727184023 2214.577630992334 2284.1594085497763 2526.6397962112155 2456.8413671072476 2228.0862979598496 1745.3554274204487 1505.7548155953286 1101.5382088771446 625.6556997295069 1100.7656296143589 1658.5581194084475 1289.8587296414394 1393.8888011757194 2422.709186928477 1155.5959522955418 1157.2207799408372 801.8267874935706 1022.9723841470712 728.9870531179289 1181.1453381377657 994.7661357027672 864.1831067690417 1199.3495645113444 1455.3952108240028 1600.8755792637887 1573.0436426047218 1505.3349214707848 1524.0494175193057 1626.0035620053745 1293.8765153277204 1466.5714183811226 1734.2230832697778 1570.1780793318267 1742.985961411807 1168.8709768379958 1246.9462071645426 1336.5141819639703 1449.6164594933691 1523.9731352956903 1257.8003165378539 1624.62965133732 1430.8497350349342 858.8920924001524 1429.38554190205 910.3204098187852 886.5142341509311 1102.5445153240305 1155.126375450055 1344.3923260582028 1660.8816161004916 1460.2829001655582 1306.4466934884965 1061.7432430505967 993.2633655496923 718.7369828896059 710.2803956147098 868.6878969955155 659.0153040473045 659.9009014861199 830.9080042603014 1270.0410276638847 1301.5942996583387 1227.9613349222998 1302.9533225351065 1288.1770022177607 1449.213647809135 1446.7264080175546 1044.5438098678908 837.1195473844557 824.7735200554131 1044.385106500031 1236.3797781948595 1306.8390350559623 1268.6398145340345 826.4186625104231 
4485.037531296045 5140.669153967375 5577.527048377242 5835.381109286326 6659.760060872296 8712.049023214564 13767.306558408114 28867.055886833918 79251.0011377546 322869.663153344 104426.8677692254 19867.92921966457 10003.321278858733 6314.3861536092445 4478.792513398198 4300.273212761295 4908.289182651525 3678.1319222119714 3016.6192080443634 2625.1038045020164 3180.5921411297886 2691.1307900666925 2536.8177751658486 1658.6044984263924 1367.5150754997221 1424.36583974446 2331.431695984096 2783.805630446123 1677.0159909327722 2021.0980288561323 1703.4651105881117 1855.7402273324572 1992.3740257454306 2035.4961812824868 1875.6083861967443 2795.355887178452 2634.8254705132417 2535.283207198849 2037.2857592597936 2478.053611286282 2328.7152069890676 2243.0023621399214 2233.6591273092786 1303.1699999615603 1280.7341570944545 1422.0385761116406 2024.7644859981506 1879.8677202024446 1585.3894377236052 1824.8750769998487 2025.0195758596583 1567.5572714527477 632.7044885691566 337.847838742223 641.2860592205533 2050.117442273589 1793.4986025508551 1637.750161241039 1673.2561007133916 1400.2889012653588 1219.6634959450773 957.9604739245981 970.5814338942664 881.8442128558479 1006.9625798270658 1021.5420722567234 1107.2085614384864 1116.8882113395869 1303.3159831866155 1673.0784500083641 1376.5152634135713 1079.107315736084 970.1229721350924 1077.4772113966771 1421.4747534009036 1316.2162520143625 916.7674893289208 918.1826637837137 922.7954907407762 1303.9447312133511 1286.98595422582 1328.7480861187141 1350.134900918625 1221.0535128662561 1089.0988468259231 1127.6786027244561 1036.6415655474123 889.8668035180502 912.3040111958353 967.4089832840111 949.7455253853507 1156.6144337656729 1299.7898025332654 1504.4887441102 1305.7064488179471 1328.4721078429102 980.3161953887588 733.4334563857632 873.1718431336507 1048.3520636570129 816.8862893787978 548.8224232854201 532.3265057218555 397.3224685044123 629.9133052165481 1002.37990538317 1034.1944996121633 1170.758040070583 1113.495633087564 1148.3498800376237 1202.5782022652868 1012.3411817079209 668.1319848440804 450.75238612709256 446.23259523176563 635.2477903673818 1295.3140475638206 1297.5399643837682 1087.8516247332132 768.5104926002377 
4295.73961890808 4635.039583251704 4973.438445342223 4934.349257534269 5758.829405766255 6450.077932097834 9055.958885372607 14785.145663607862 29393.061298902743 104426.8677692254 291962.3161887806 64897.620272770226 30641.49363038069 11446.290560807545 8583.982772702993 7748.163790855049 7378.003860232952 5965.754771798668 4636.405392345882 3909.3184772729046 4108.517424146375 3325.98365876504 3018.5184532639355 2369.2909203290174 1956.0985782342475 2094.1459595284537 3074.1990378168807 3356.6877425281873 2078.7374465744765 2319.552290264259 2096.9307544211265 2263.954920679401 2476.8089240449262 2523.9513516186885 2472.596162992019 3268.2870823365006 3105.3507499293205 2895.5307898347796 2468.4602499351004 2787.644522978509 2787.159166657067 2714.7826699531834 2789.154793512681 1756.4221908440693 1710.1519512665047 2075.5546070611067 2573.2437264322452 2261.215205820987 2126.401442387969 2293.7607512468676 2362.9349283215815 1951.6417431987204 919.6677351035635 356.3813893374842 943.1945398431922 2175.6921715755957 1760.2006031198518 1550.4969561227592 1580.3351875243873 1233.9392788305154 1033.1548044526878 835.9291006075362 844.2804130848598 675.5426238547067 880.3328875465928 868.3015711726688 1009.1411362368076 1037.8357154841763 1264.6963689687402 1592.5751417923632 1355.3074786971467 1139.2175758479782 1138.8379702620052 1204.7199285179313 1481.5862779841048 1411.84223365749 1103.9669631493666 1087.1797729264745 1097.4738355484276 1255.6407604031713 1219.7447330280747 1356.9873784107558 1294.6780378943636 1181.3363363451872 1056.9619439650469 1077.5188533992678 979.2723308583131 793.7028524456294 907.6879147130209 896.6929112505305 869.2821211606564 1111.8476205819295 1160.5919166122428 1433.2075589906522 1530.891898156045 1474.4672964288436 1264.375526533247 875.6294207757095 1080.4166303824618 1162.6317011076308 971.8677412471135 789.6662699143744 635.264285324586 608.4606628317094 837.5710086228676 1244.6884878648573 1294.7277559132563 1276.8149313028837 1210.0328692596095 1236.3558860798337 1329.2401102954836 1244.354334972463 809.6820780579744 549.3319028244392 573.1745348016248 843.0719822041058 1358.8089036906647 1142.8217676902384 1007.1681051037225 695.4403001273016 
3853.925793706379 3346.013540027305 3841.9265813725656 3768.45144738694 3710.6356459186527 4858.8655332187045 6235.561688295796 9572.410463545611 10000.004445449053 19867.92921966457 64897.620272770226 395526.0438368572 53364.80656968261 16186.222382198737 8964.778085492007 7814.454202029337 9023.737336815018 5536.411734717988 4089.2086823081095 3568.87162188097 4714.585002075853 3893.6925455348455 3752.806013253435 1909.0554420976587 1334.7809248153505 1503.556577090617 3017.3024618982 3786.1263789942304 1814.518497474452 2551.0859298253986 2074.259912839683 2225.9259498948963 2280.5113839170513 1930.7575790714493 1613.9573515283612 3728.51345453531 3140.1100118372124 2883.083290807625 1751.801762801112 2435.718927879492 2844.9588491502795 2600.2683684194535 2726.5151198890626 1213.6078914729903 1222.3277173368488 1290.6379104292448 2383.0540051563084 1758.7442862726705 1391.0073592137687 1884.7508587409638 2690.3660763940798 1838.0473264828029 583.2506085834971 238.16057003245263 614.0807805453294 2766.840436763511 2112.43509152095 1609.385224164005 1168.972810457086 1306.9291658724765 1061.7728419896332 939.4284762258842 891.2314750424308 948.7431804791803 755.2502662362201 930.7213486234155 1135.7662050521037 945.1329115033393 1096.4070284754494 1547.1543138409124 1278.8041485260437 881.3911678935849 664.5507268618201 730.7402258404259 1680.3888599144982 1348.3612025100285 572.5989944976161 608.5068366908826 638.4755461264282 1405.8782338672509 1235.2932788882072 1316.6756987789759 1190.4332701111598 922.3770694819452 991.3426249901513 758.0191957816062 795.2602379134638 887.029149545811 574.7726307254314 843.1924883106792 1045.9957423490955 1159.3167232265514 1307.0193537438724 1527.478253236878 1198.0532190205759 1288.9930723350012 1022.0699035610314 570.8636312225066 859.7468248993969 1701.271642214592 1107.947619546057 550.3882862626616 595.9936739896909 376.57085625160727 714.2597971684712 972.1142748663857 996.121074699186 1233.2722108151495 1000.8002818883773 1115.320327725432 1151.4283666348324 857.6966506113048 577.4553617532666 320.5951888500265 321.25758170023755 472.98067311200197 1425.853934647978 1057.7838336241 1058.8173732505386 791.8410179800962 
2619.5379317136462 2980.805616853291 2739.2280660041924 2614.2017234129326 3177.682614487887 2875.770383352765 3520.747276012289 4039.4305188175863 9765.386965179783 10003.321278858733 30641.49363038069 53364.80656968261 268888.00892681535 78644.63637611244 50969.91380114911 32450.484073134838 17698.035146142804 15714.005018993365 9923.312799726587 7462.34671875324 5937.233463048158 4918.594572754435 4323.995171272736 4861.98577172521 4805.732096588011 4918.805144749813 5089.263250612381 4708.146279691346 3887.980883373794 2967.0746294036517 2837.914094011849 3045.2484964667483 3247.3200600026917 3969.7487131926973 4242.571516916421 2511.4521647742904 2939.785937320679 2528.4390437857064 2839.262480953399 2815.2885135008373 2838.490271160076 2894.698053461199 3011.4693164332366 3284.4766496404054 3187.5841006029978 3142.14097075285 2669.7687926350454 2927.0036892893504 2922.7327409588597 2478.491493965566 2124.639376686911 2389.2985960219944 1817.8395921730344 718.238060777702 1747.1074725831131 1554.1950706769512 732.7265755294775 655.5556037564215 938.3853897754851 487.18429778219144 442.7821208603014 318.69126190281384 368.2319415787846 255.9248544267812 362.832497357509 347.2046917709401 380.1573427747798 457.2425552236777 580.3590912136797 898.2109628630103 1230.3516165975266 1456.484967729392 1531.494496760762 1518.5731977625437 1014.4272569111805 1207.4235434795576 1575.6417271707944 1502.394990904168 1447.4147441927184 813.3446278664202 778.8183162658405 690.7056086776678 691.03917643763 661.7116988868518 510.18322627732016 638.6312371129702 586.7418776321945 339.49049688654003 484.73117906293425 416.9899821964456 357.91776498113734 413.52430182002695 526.007825436055 670.1304967170238 1135.7849272740914 1315.2896729351908 1493.4694439722966 1507.779668835844 1297.3597573384814 832.7405119488207 1138.647879054726 1493.462229592522 1341.5347636814442 1280.4485025343283 1244.2325380764494 1362.8452938587964 1114.2238451354297 838.572975435867 922.355744998623 851.093711786127 995.1082483171829 1381.7986384238657 1168.9903195990862 1037.628618884401 912.1522994780736 955.9928523729956 798.9456207259999 572.5194541637629 363.0512088479149 256.84433915894766 
2166.0020512882174 2231.0713554042095 2139.9487449086137 2296.638115233828 2137.5551408830993 2215.9735900105343 2635.3068861286442 3106.176987731091 5517.732929697752 6314.3861536092445 11446.290560807545 16186.222382198737 78644.63637611244 301901.2758445097 94424.1264602274 39404.787696233376 18438.546082292964 15501.029730369673 8991.983805447582 6389.941560833044 6339.651326460747 5131.5648615935415 6461.533929235744 5480.301378740302 5034.171223126834 5103.292640921698 5057.470249578957 4055.2056815517362 3821.0703874649134 3543.6767829067535 2555.222043928287 2910.6128062612643 3002.0635467577995 3174.0229577663904 3241.0767313855517 2357.1263642569243 2264.136929142946 2102.5744051416827 2261.6246545121503 2340.4924390858446 2424.1975731958264 2385.5150799165226 2471.8674337709326 2912.156819094096 2664.8639656940336 2374.2775657421753 2362.8299440355167 2430.425109636409 2263.5814326069203 1957.6684086007467 1976.1243563692838 2216.000312963923 2150.4607127123877 1124.991775616495 1871.2064077125383 1500.3754371629905 808.8135514827209 616.9641503680385 665.921741201395 492.7871067273973 390.9404130432632 351.24416035324373 318.4954924549795 300.6979083576898 323.251571886795 380.4594119180665 405.1215388761484 421.5559284395222 490.2795591665062 779.6337924285034 1041.7062984490606 1441.1770650906276 1175.7587434923284 1103.9589763688555 890.5865804670051 1057.756529822192 1092.0426164825915 1259.2797822738057 1061.588607920333 754.7250539938937 668.3942036632141 638.0044863402624 599.1447533890679 591.4485415052036 440.6080812971209 523.5117930888608 472.00731161392656 393.40801674967304 363.8937571310108 374.2173911292762 352.3249498351207 463.46702763860964 479.63715444389965 688.0972414050193 883.593692802255 1039.1401489162843 1170.0532216672896 1197.5380224234823 1168.4323159285768 1115.5070546166723 1062.6588517804416 1414.563965190588 1785.8962474061368 1399.959578598818 1260.6993138884789 1067.4932389562541 878.6863808055095 779.5256852403215 683.5875348036595 684.0568183728184 743.6476296279009 980.715645953503 1001.8505495040598 1101.572718073864 938.7189545770808 901.1916463885956 695.81647186489 443.85819273264855 356.4419652448563 245.81033919913565 
1886.9846068035374 2030.7157931891875 1843.3029800915624 1832.076079659902 2080.0295381594483 1834.516776869997 2256.1930465932105 2182.5655817249667 5071.555129175307 4478.792513398198 8583.982772702993 8964.778085492007 50969.91380114911 94424.1264602274 283768.9874409313 85138.98819664265 22498.537116375832 21102.672797306237 11971.930285449993 7805.888171509093 6367.324842629543 4906.269575485511 5346.059262759834 6727.914974709525 7141.350485116874 6678.030484944965 5046.26369496107 4296.636078109315 4247.9978425740965 3152.012997845023 3037.554421390644 3022.648729376901 2939.9668777527445 3672.9852032543354 3764.898523509749 1769.4575291960973 2102.9644171498157 1838.534834845961 2450.8592130606985 2150.3035383826295 2087.0778477313006 2205.2182760299906 2392.659208326259 3464.132698545206 3325.2283703691596 2676.6481239206864 2161.4126020188655 2341.3291897814206 2452.253057949167 1831.8752546241724 1688.5476451007153 2222.5321203108338 2667.917506527377 1173.4300066244227 2127.1195863015473 1149.2964925456959 501.87850137130715 473.940078943412 615.4828802534169 322.1877319324851 271.35372578767436 244.99284915738517 271.61725788625114 181.3462253398695 248.93749059296522 243.40232794214592 254.9064273666062 327.8023036883931 427.7459078864084 555.7897082981691 860.2191471793317 1373.536371061403 1349.092746309483 1101.944667968753 697.5797837237254 931.0475535645553 1300.2593754884974 1330.0164641863357 1229.7454056219526 562.4440939002571 540.776599069067 497.877737714299 467.5578322750707 478.7109161194415 327.59168471192555 494.9335011584773 436.0350894332265 238.08282466393734 403.1679590170954 264.74549044260164 213.42091414548497 299.78820289258357 339.1175346849141 440.0491004747622 819.7427630818794 882.3218881411938 1196.7474114176707 1385.0082931858444 1121.8644144997504 730.0694769955146 888.4186723585099 1478.4870227884244 1823.1791687792954 1802.408372310728 1483.7470755559218 1019.1581832336044 757.642368059291 560.5274539899775 587.7937169786267 543.2956079363156 697.38342789043 987.1443080424234 1196.242397079946 1399.1473490939675 1131.2240877694126 961.7056364702709 542.2259558196472 329.94212020559394 228.90432367990988 188.32712609184506 
1797.4731337979733 2069.669333038327 1865.1687225710732 1623.0718717426598 2064.82308899528 1778.6326761900023 2102.5985476443966 2151.7294792852417 4975.872895243658 4300.273212761295 7748.163790855049 7814.454202029337 32450.484073134838 39404.787696233376 85138.98819664265 279682.94229222776 62404.644563241985 42505.30725629769 17898.59034107229 11017.49648684444 7743.664104417055 5795.298725471518 5201.836820740133 7475.746590739309 7236.573631444841 7318.95335987073 5440.722525992799 4961.810845976073 4450.448818058746 3114.921084490524 3275.4506370060667 3169.3666754199103 3170.3272431994665 3985.4501459519643 4151.276775216363 2089.1332866756784 2275.80596378224 2026.8383387375798 2418.213275865558 2342.7336849638546 2262.9557442661453 2340.7737804212447 2626.2754650918 3718.219940290452 3468.58438049597 2845.5994331476786 2257.3958573429422 2670.555315764728 2599.0667619731566 2079.221619074038 1875.1210475135128 2388.808576490797 2442.481927061094 1445.8645912586428 2087.9863389770862 1311.0435568776106 532.484687856186 454.38404800542577 641.6537461440405 358.9336055247819 330.4695693441918 221.71154689382539 268.136526494163 215.10784421089858 288.3101849354855 264.2018339814068 227.11210757693405 321.44925756763257 411.95966580184745 655.2651086365481 943.5150715610689 1340.6054235109555 1333.4359853335675 1148.2184769788873 738.2210387155212 971.9551429495864 1362.431924234216 1396.3022131306914 1249.5739686354243 591.9544841817478 559.7705460429568 524.2032385273361 477.9070117578418 548.5761038694229 344.754534380225 513.9601100827865 404.35734060074503 263.8524088617209 397.6292154733924 252.90539147753984 216.8950135706356 260.0241633007015 336.065054136911 439.0929873266271 838.2551832291368 940.4527236456895 1219.4222018429373 1459.2892232741158 1150.9583361010439 712.5715426273099 925.2079624821502 1552.8450226911739 1670.3577024896802 1622.1820403779511 1422.1389595994508 1094.265049014676 822.0046449885252 548.6001600029155 607.6737999753843 565.7385717991758 661.1908484788096 1076.9111627931018 1188.3614322315022 1198.8753414887765 956.5288478410279 954.2636578852473 535.2465260801342 345.66598643297846 247.72434795649426 183.02690297265156 
2117.9892042026377 2021.058794454815 1945.622721486798 1936.3566183198375 1986.413554673101 1933.8518070766963 2254.002635158403 2651.775599131027 4313.4246948087875 4908.289182651525 7378.003860232952 9023.737336815018 17698.035146142804 18438.546082292964 22498.537116375832 62404.644563241985 316066.50732034165 94587.55822646643 21085.20086644071 12652.579621009152 9784.668433831735 7274.652970060276 6966.949714587447 6068.773093799868 4857.977145666157 5308.886127200229 5973.165313959783 5695.8311360515245 4357.239877730538 3736.4091701264483 3327.9473406629886 3509.8867299950634 3565.62088476536 3723.7588893166917 3472.8485177147386 2731.1390282062243 2675.886334340911 2422.9964657911723 2552.6861358382635 2723.002020069994 2771.1424811835245 2803.7435242725087 2948.856694888084 2625.460464468685 2689.486346545736 2491.37825843805 2496.9738026149976 2457.9966154111958 2317.236286829707 2100.806409425669 2273.0352953256915 2656.8868631297532 1412.900573321632 555.0860598164907 1293.099840332773 1755.790208063325 832.969871587409 729.1675335070217 754.8752512563952 585.5401113264854 489.39275286069795 384.15062003412186 335.57881824347675 313.5909686985479 397.92073488220194 351.02494209373845 409.2231612718253 421.64575891185126 584.4476918989702 952.4970811542554 1119.5942319400624 1142.4473183003506 1175.0733704127433 1118.1986364408435 1046.9497739074097 1132.6055730202231 1070.1059469919921 1036.4485435807496 1034.0168789074446 862.6649831543104 747.5328927503328 650.9127369523826 692.3984344975099 598.0014371139087 424.46437953812375 503.96705142062757 446.9928772851975 374.49600985762004 423.8013690165388 381.71127410512224 304.5884774346752 426.918137165399 484.8256091730735 733.1929988826007 945.2274493449793 1203.5064232345974 1310.1087798081571 1104.3716346485344 1214.21382155652 1081.8268218933622 1268.5688092538044 1255.9651776721983 1269.7967255870074 1000.3955995404123 1128.4239381671132 1041.4118925496518 869.4298158000505 766.6605620960779 703.250285432955 755.0394693030861 903.9222717727237 1097.1701473555388 805.1837235988219 636.2468823244084 565.7007671538515 653.5031706896372 706.9334220096617 439.62152906196116 389.0641556528324 244.90657142635462 
1777.6423206621453 1983.2020286486497 1763.3695504516218 1609.3892163857445 1922.699648513259 1626.0280079504166 1828.5856348861505 1834.6348533303799 4346.465863690642 3678.1319222119714 5965.754771798668 5536.411734717988 15714.005018993365 15501.029730369673 21102.672797306237 42505.30725629769 94587.55822646643 258713.29344506888 71585.26639279617 26238.851451307215 14653.931028669847 9201.093069290657 7732.449349476029 10050.028205895691 9145.742473134716 8996.370695071577 6878.351799345633 5995.474554894807 4977.10544897998 3399.932215207336 3660.928427031242 3626.835187542578 3507.208448417803 4662.220431765494 4711.404373312023 2300.624332122274 2547.6179061882012 2277.1662087334275 2762.5073095456855 2568.1546491388035 2549.612818402659 2680.3939194603704 2818.4252834688577 3878.5661276462483 3831.2570930080183 3128.399619767414 2521.9159438237675 2989.3032586657782 2901.47738731621 2300.697096177122 1962.0838375806652 2469.58348485825 2177.482095790497 1146.9641398794763 2207.994693691612 1442.3528871894687 537.0458054585387 491.52835775848484 672.583087675252 331.8305725307101 351.1451070910428 277.63535368400335 262.83621543774103 192.6442583744954 313.2927674877337 252.39154786227178 268.3001267988331 370.53456266223463 418.2462501430639 698.3812531426698 1009.1572407778901 1379.7463268998276 1458.7800491777152 1382.810107545947 804.4746241213558 1030.3170230823373 1461.9783378426494 1468.2168373287586 1401.3325196171809 666.6373372130269 618.9739387836077 496.52779447445124 485.55780739807176 561.4472096611481 386.30636683354237 487.575570878895 465.5010428533711 260.6198736069711 430.7618079373122 303.8002526597703 243.01402787035164 299.49892546923087 396.1017927496343 463.727556814211 887.9819749610724 1065.6355296508575 1353.2095918054522 1520.7579540040444 1248.701523881366 762.4045439943717 1046.9502202325548 1587.051039453465 1358.044236789714 1454.6973009055237 1287.6684232268533 1240.463042233124 911.4714468963115 620.3894732507443 666.7042289611629 700.8071587608077 806.5186982006937 1259.463746309831 1229.8320634096024 1047.6474647693947 932.4361761008173 895.8231169958798 598.8496902034532 372.7025642899326 273.57251579679274 153.13851402176678 
