862710.8405653796 159842.61637808627 57342.125638415215 30652.550482432638 21545.86341418865 15842.580383217115 9943.701092443487 7805.8613877064645 7927.402559619287 7038.196274520321 6713.508563248645 5468.883493414945 4825.167976732793 6680.62558539727 5088.561469460959 4730.556750320161 5569.985103434587 7043.025002958119 7712.545358353364 6755.531492943921 6899.0561930856165 5922.978372039492 4928.438263485545 6940.882172548831 6358.563253608378 6754.170042650634 2511.603846526132 2819.102101838762 7131.542946504466 7549.705896210957 6035.011359763564 5175.695333409657 5396.640304492842 5302.228333253492 5738.128867292355 6068.653407396314 4217.297199300468 4821.748263049043 4815.194697966802 4542.519828292085 5553.3861414064595 6446.486349801977 7103.502292460824 6548.465171475294 5097.3728069784 4974.138778715911 5529.57693357358 5390.894955648397 4169.697549201904 2764.2139831376007 3044.2777648295637 2225.2658160376195 2394.9530167715293 4167.157425701459 4690.61628395357 5290.327415515983 4441.144670923398 2858.5792558102025 6613.205673833036 12129.676038649715 
159842.61637808627 752323.4741108097 189935.24939093 42562.39805854089 24989.451217366808 17086.305765622852 9626.447433890513 7083.45520376096 7211.786815383188 6101.1452814082395 6227.272595405978 5089.831199270609 3830.697967761781 5794.438851155876 4679.346395994833 4663.282797938314 5141.263112387269 6346.153114809724 7313.820386939609 6821.130042828833 6746.600267915983 5196.379208398511 4097.39051127496 5862.152188347208 5323.63366453981 5587.867765809051 1722.7829353267555 2110.4848903771967 6419.931038462917 7359.046639348729 6041.5324192281505 5310.337024576597 5135.098593386285 5178.801207545191 5957.265412412669 5873.9272169962 4040.7533183811956 4525.034787444722 4588.5101234302565 3881.8993897108317 5406.344997926669 6428.179412517453 6286.548515024571 6032.2362498924585 5019.185537076155 5037.0073719224665 5664.218272157511 5379.949530611949 3802.9728774484292 2532.5771480855556 2749.0478503984177 1836.2719403390245 1740.5104946032104 3326.555838008689 4341.32985345753 4489.03993737914 3465.3328240284372 1872.4502735142466 4559.592214644094 8133.164884065023 
57342.125638415215 189935.24939093 732356.6188610106 146102.4083342964 37190.73131344095 20176.59768175703 10181.920432831545 7654.3995320858985 7405.996545919157 6235.727323574032 5896.563619632156 4554.4791241797375 3696.7252822903265 5603.237524023246 4478.778651545298 4301.010695187037 4777.936843709975 6489.7998784304755 7426.98283271613 6400.370375724416 6575.7748182442765 4923.177418889952 4035.657885706854 5505.050118294085 5053.748898164693 5060.505054578655 1442.8144386841332 1843.893778858192 6725.130453787115 8433.629414578962 6993.486386376337 6266.66100226749 6451.556433941785 6107.020680430012 6958.703792070877 6036.406078825399 3934.8954500944683 4491.263960583918 4278.057533912614 3940.9975125736855 5424.289142259395 6732.8419393831155 7055.977794943183 6516.262724261193 5218.478828768557 5336.426884235012 6106.649804882264 5317.79539954585 3663.3801503624322 2310.9195739274173 2411.0350139689235 1731.6172706663879 1686.1166103648186 3272.507748416416 4017.3312875944366 4335.25006579856 3167.284649710736 1802.734453078254 4508.5788549380095 8307.058342383732 
30652.550482432638 42562.39805854089 146102.4083342964 762388.4773547353 152527.47030197774 38817.331353857495 13112.599059412638 8627.49526317233 8552.656655073184 6479.892424311537 6909.253076844645 5293.832334863158 3362.60783022291 6721.183426777202 5199.302695280673 4975.521175055332 5273.818388842847 7253.201007847558 8711.976714650822 6472.208518053913 7524.809005770102 5076.979272417469 3550.696817888697 5475.582158661044 4534.915662857948 5855.562137629468 1290.9026380679968 1463.2553085216928 8501.693157081127 8561.157455648055 7996.563414475087 6969.202265817913 6536.1614777962905 6833.013589652103 6897.111223854791 6226.959618897936 3124.4998574325905 4480.372194171506 3845.4919943527334 2908.733857670873 5829.557234048527 6595.735468774434 6358.532727064465 5163.347455755552 4574.563884143755 5483.780593423257 6621.776880795261 5737.428171703077 3586.8982830016816 2164.521942899958 3045.3316648904492 1519.1209985924806 1499.0740437681432 3033.3956680252772 4141.143977535601 4438.582258306213 2674.0131169538386 1259.205778683008 4362.341641896669 7767.635904200194 
21545.86341418865 24989.451217366808 37190.73131344095 152527.47030197774 700278.6205953441 163476.42752288913 30997.349710727827 18544.41587128845 17145.111277140033 12395.082693632014 10979.467081833014 8098.935348561161 6837.085011239304 9924.60014888084 7483.431496686167 7290.231970402995 8430.776743239589 9600.23133258912 10193.594003458096 9779.187382071163 9243.344649396331 7598.839563713644 6608.188757717048 8437.676233136497 7895.47388826399 6776.342793566132 2505.26042771461 2781.0804972130645 6707.35825016852 6959.143583791935 4956.657919887665 3743.3623439659405 3743.6950793020733 3962.715667316936 5080.713425467785 6171.823484327629 4971.832540844268 5264.937694061857 5231.7968155060325 5026.065029219179 5078.687520118608 5366.358339458212 4954.678550384083 5083.571103942302 3998.3154049064206 3707.673306471433 4674.613219045617 5667.261644424646 4971.589259580433 3611.6943901678374 3328.308935443337 2548.0702772337013 2515.909250798937 4484.441613960454 4770.843133603295 5051.382368379651 4037.6228850974703 2512.334322613847 4088.258166051246 4853.029569577024 
15842.580383217115 17086.305765622852 20176.59768175703 38817.331353857495 163476.42752288913 732847.7864634169 107968.74525034887 32473.564522639666 27527.916879087752 15940.092209061191 15612.615497233804 10813.467703584738 6744.441637533984 13011.46474781203 8674.238852064378 8451.701787343689 8954.556279080109 10955.19694933232 11727.038383996462 9276.307203453156 10764.934736270508 8298.786701440424 6174.289136572516 8732.44266279573 7527.744691488788 8738.708965569664 2180.9696395860606 2427.6887760546992 8567.356915154262 5792.919093366055 4603.322197640453 3468.476706576531 3193.3091200938234 3874.535089868787 4318.610409822586 5679.7899846916835 3744.0185948789263 4958.491748660319 4310.224910426681 3358.5410127454097 5130.560356726522 5030.761096488531 4043.6495865900856 3515.3884442221192 3086.161555481535 3596.045027639138 4648.174402452023 5515.515673275806 4922.063120782466 3362.2916601549427 4921.262467822168 2504.5135809128096 2556.241967406282 4370.927819117881 4660.236744134174 4773.29624746654 3382.7139705613736 1743.4467408128958 3983.7873900486707 4152.080510670739 
9943.701092443487 9626.447433890513 10181.920432831545 13112.599059412638 30997.349710727827 107968.74525034887 642269.7403739031 216254.17521089214 66954.35676029469 32470.860497386588 21900.363603086094 20674.095579485755 19659.768744717585 18791.993484770566 14050.539845839707 11161.076543763375 13077.381464359685 11604.835037162364 9643.314841867306 10101.928123109019 10434.688475516363 11335.793081504069 11177.235532172768 10081.215893319333 9400.356778580202 8243.442253028754 5844.265404095252 5840.044584306261 4479.697645321942 2814.805766643837 1813.8151270088188 1349.8608780031002 1225.236824835983 1498.5193482805118 1952.8733708452262 3913.127420837278 5541.98534315564 4384.11628301702 4761.621418928613 5193.616867638187 3042.305674447365 2571.4215141366367 2141.6014189668813 2179.189761670827 1555.3856214075192 1498.0456070567047 1862.3002462287734 3266.9183282707722 4887.479914857133 5095.893467212808 4160.547766978989 5916.816550591221 5106.518153016089 4293.336718732481 3195.6264741711125 3251.59241054931 4392.858432929063 3982.532247503991 3225.991007866211 1684.7883159539272 
7805.8613877064645 7083.45520376096 7654.3995320858985 8627.49526317233 18544.41587128845 32473.564522639666 216254.17521089214 643441.3286746859 148107.65876372508 48487.26559444743 24371.735444885086 23969.750943587293 28142.000710091565 19702.413933254786 14753.541448856979 12333.689142850175 13499.342516043844 10944.554591391334 8137.347891766241 9259.350996246121 8859.765212474156 11850.791122583814 12137.17100699798 9179.41398124752 8792.903086832624 7637.045108557466 7533.264749219427 6941.576870446795 3412.1133699191587 2148.6507895811465 1287.9882673684513 1004.7567286778223 922.9921293078495 981.7863362532588 1499.6394148464733 3003.784394316395 5364.168581246622 3587.479368477818 4422.531832777769 5164.872561796527 2287.189304694279 1942.390826956308 1650.4081791976234 1825.4904062313237 1286.2955803914363 952.4523586251046 1226.6320525501565 2456.0335528022397 4141.993263418139 5043.612234815296 3270.9348753649365 6392.434619542571 6210.101421732958 3600.2762938895353 2293.751576296594 2467.243647146139 4315.745068569156 4681.953391969705 2875.6667028632537 1124.3620071644048 
7927.402559619287 7211.786815383188 7405.996545919157 8552.656655073184 17145.111277140033 27527.916879087752 66954.35676029469 148107.65876372508 670989.7178313737 131470.62685624315 40307.05740006223 30166.451359637987 28226.774847462486 24601.807068690694 16346.565650768265 14008.821495073393 15244.846401471907 12509.93975027581 9843.991876144799 10561.634688485337 10814.59730211584 12036.041697630988 12041.946819970588 10254.835133510847 9506.013423392586 8865.081372789784 5317.271395042082 5665.726741459997 4484.500905610971 2625.7990811781015 1774.121762054944 1265.6975421739965 1209.6890785642797 1278.6616163569643 1817.1692673203104 3784.917285179161 5149.903827403229 4265.564112387693 4586.9701076009505 4932.7006054059375 2950.879866607927 2305.4540199606367 1928.0179987309166 1889.735636679392 1478.9671810440316 1247.175355437695 1605.0352205527092 2960.1294676398898 4857.548267479456 5073.734802261267 4200.596340380125 5427.787154920056 4850.124170056401 3984.849208124926 2763.527240074274 3182.6831305360956 4313.108035677911 3201.2503375683127 2776.9921436350805 1453.5652987308606 
7038.196274520321 6101.1452814082395 6235.727323574032 6479.892424311537 12395.082693632014 15940.092209061191 32470.860497386588 48487.26559444743 131470.62685624315 622237.4368258592 153365.9774460047 72776.14111142445 52749.506576952874 33901.091682941405 18558.090145181613 15495.71028618958 16971.954957719456 13994.038873561569 9649.739653851344 10998.417097224394 10478.300917424418 13308.693178026077 14023.266036118688 11448.362124763136 10996.417811287141 8943.33821166839 6545.356717986371 6634.218255732587 4299.87341480146 2556.5330520114126 1494.3347995032996 1042.863144937509 1010.2841582798571 1095.0701763845966 1645.3524328575284 3611.251039189652 5449.02904029329 4385.200897915074 4833.45450453446 5797.227536425131 2481.8333069417827 2083.774020974143 1839.1852897478407 1887.752262279144 1396.3234269786362 1141.5947034501633 1454.0820476075824 2893.3337938305017 4672.095691625374 5057.117291551155 3711.5403355077083 5500.89188385195 5418.984837779768 4241.246836893349 2784.1627535122857 2945.224015273588 4710.602599473087 3819.1517732762486 2961.9256928418076 1360.721149282607 
6713.508563248645 6227.272595405978 5896.563619632156 6909.253076844645 10979.467081833014 15612.615497233804 21900.363603086094 24371.735444885086 40307.05740006223 153365.9774460047 599801.5045560065 235917.43727336367 51909.53296066192 40095.688681188585 17891.810121424176 14554.736208810911 14746.269404139148 12566.653018007186 10341.336731937452 9938.00568019304 10727.027098068644 10867.395271351626 9781.770770283236 10350.950366174953 8924.014855107358 10126.535600158602 4490.860340754548 5128.264041895765 5933.294327712949 2857.799590072907 1993.7757692332214 1463.8370740374198 1304.7422300029202 1531.0891446220073 2019.5306775977988 3899.204590019103 4298.761719099895 4011.057569748932 3991.6253019825554 3869.2774865644346 3087.750203962245 2520.045117792408 1998.6273956754862 1899.063412642452 1565.5181473707244 1494.9059480869291 1912.8262437552823 3271.21768033231 4407.508148615553 4139.96209507041 4540.577545076706 4500.461300121761 4135.42701891455 3896.368252772899 3087.6863126265216 3129.9361381151507 3942.48101234612 2878.124150111142 3138.315937894596 1777.0201762114357 
5468.883493414945 5089.831199270609 4554.4791241797375 5293.832334863158 8098.935348561161 10813.467703584738 20674.095579485755 23969.750943587293 30166.451359637987 72776.14111142445 235917.43727336367 598850.3234377577 152123.61853833086 50445.58916229097 20755.100004989705 15604.747370486935 16002.841611997785 11368.583046161037 8795.066955674947 8865.960173689402 8942.5210506692 10984.762544415571 11010.270246801983 8958.680255697403 8268.965203671656 9111.708790727109 7930.814024268436 7564.225299226944 4779.530020948267 2219.556664306173 1637.8310056410505 1105.4978055989907 1056.38268217285 1262.3597624955767 1567.3254199410135 3045.617314048568 4378.507090593703 3279.280166320247 3731.234431945337 4088.520319307925 2603.9217083780304 1873.5631104464103 1516.8316800164782 1679.6766115145806 1352.717382283325 1297.0318500189967 1479.7742697195552 2512.362015550119 3848.7735717549176 4128.236106613389 3865.1691726319914 5689.705481063577 5546.707907080792 3324.997497455178 2298.3777907140484 2445.4336923464634 4033.9074794356497 4566.4240760260745 3263.472957103413 1333.1986550252627 
4825.167976732793 3830.697967761781 3696.7252822903265 3362.60783022291 6837.085011239304 6744.441637533984 19659.768744717585 28142.000710091565 28226.774847462486 52749.506576952874 51909.53296066192 152123.61853833086 658167.0588081474 125774.31208160348 32815.55222257603 22803.771396660683 24377.329435574997 16581.717920339717 9301.484076164694 11225.502810806465 9201.832299885196 17070.929550531953 18851.873042575124 11203.609603190518 11918.036133807533 9110.434339270958 14442.177259336635 13741.483209396385 2990.114258143107 1702.9729560254502 917.8596846810058 765.7918014770739 745.75214307352 713.8969246613276 1143.2456972725606 2520.309346762015 5476.966983222132 3295.611105709092 4709.048971467752 6428.992121268062 1623.7407798586462 1421.4417294736093 1338.973876633821 1724.673400238144 1083.3734382387054 711.9185011818702 843.0382651196645 1835.4211817446926 4071.8398990003193 5514.075620471225 2732.888088452014 8508.96336857308 9872.93898350094 3795.543443407281 2020.8901009504007 2222.538410392006 5774.536049103921 9225.736907060234 4256.946209942889 905.8579860195856 
6680.62558539727 5794.438851155876 5603.237524023246 6721.183426777202 9924.60014888084 13011.46474781203 18791.993484770566 19702.413933254786 24601.807068690694 33901.091682941405 40095.688681188585 50445.58916229097 125774.31208160348 648650.3655091181 89088.19634000411 47074.33920296016 43425.451229899016 26833.527832645283 19213.6622760627 15972.14797956977 16889.91305098983 16914.478287674374 13843.44481415159 14174.950223239106 12014.207636824887 13608.876847463718 6008.731124269775 6578.466676878741 7190.602917098425 3427.8857685039375 2402.4015606489106 1804.8337786718278 1590.0507040610553 1789.2025780612882 2297.2287127161644 4841.572711661216 5309.257284099378 5006.993679779113 5284.993222281353 4979.672457687219 3658.6574404874955 2754.6698579562208 2259.3810739136647 2197.3411384489873 1701.3444462496207 1678.8926359553247 2064.647048613704 3721.9443794086374 5275.302201275462 5099.609817375121 5036.468792569879 5547.116934620134 5050.831646940576 4780.586722078088 3412.5218221620694 3611.9293622339014 4784.808050212257 3351.789468650637 3723.662146733817 1954.749753256985 
5088.561469460959 4679.346395994833 4478.778651545298 5199.302695280673 7483.431496686167 8674.238852064378 14050.539845839707 14753.541448856979 16346.565650768265 18558.090145181613 17891.810121424176 20755.100004989705 32815.55222257603 89088.19634000411 646402.826431367 239685.01812282146 88520.43867404838 29366.437925582974 17617.33315758015 15725.492434843734 13914.423121707587 13601.25898764125 11639.983078756773 10174.974089040488 8968.549511111936 8808.126236071641 5508.853406737191 5088.630189665487 4920.739067859355 2929.266091760779 2075.3209158340655 1574.3054741567955 1345.4963063152532 1674.6357101001647 2063.65371420954 3742.610401198235 5060.252890628072 3812.0058776708006 4264.331897392784 4200.208469388403 3004.1762534113996 2263.0460206752346 1880.7764508154655 1860.7253166978753 1513.6690834218787 1557.2314952405632 1924.786718720261 2941.173029603383 4242.804040583175 4224.103294331689 3664.753532611201 4727.924505017228 4123.350387952098 3362.5312855369552 2490.6586087333244 2606.6265643803868 3482.8358505785545 2745.329876227408 2597.0178710361006 1391.0375183832914 
4730.556750320161 4663.282797938314 4301.010695187037 4975.521175055332 7290.231970402995 8451.701787343689 11161.076543763375 12333.689142850175 14008.821495073393 15495.71028618958 14554.736208810911 15604.747370486935 22803.771396660683 47074.33920296016 239685.01812282146 585301.5562273549 207603.49487172536 37154.391485400716 20987.157031725317 17305.33203218553 14803.59758624433 14160.13200752847 11717.70199555427 10575.067681622484 9475.69341927941 8720.56131805902 4649.874842503749 5152.807468996612 4899.715668342254 3045.6763533690505 2142.762671079223 1569.660811527976 1357.7118300961727 1494.7166079645156 2155.4798436892916 3804.1029527136843 4547.237945881439 3948.4625813921257 4359.925110666672 4379.357031457936 3000.896220985012 2367.4294198371585 1889.1079814448103 1931.953056721782 1529.43995784565 1483.157405433229 1821.6049581115635 2999.7176408412765 4256.182805706033 4056.464451492012 3675.449729913047 4280.804199866782 3829.833625453907 3476.603188795735 2738.2337979120475 2681.243286126046 3549.1777189671643 2870.660951378295 2715.584394712427 1482.799238123381 
5569.985103434587 5141.263112387269 4777.936843709975 5273.818388842847 8430.776743239589 8954.556279080109 13077.381464359685 13499.342516043844 15244.846401471907 16971.954957719456 14746.269404139148 16002.841611997785 24377.329435574997 43425.451229899016 88520.43867404838 207603.49487172536 578029.8486892302 108528.25632191764 37851.314282717525 29019.383320376925 20308.9312510211 20091.537709679196 17256.077130128706 14716.467981212485 12992.581470701345 10506.102679578935 7162.208242471236 6744.164961929168 5231.560895261387 3501.8279197091415 2145.5505011833948 1568.4610124231103 1532.9107773466885 1519.3160295814996 2420.6749718655155 4417.990915633055 5983.74843735989 4865.207465136492 5763.056233893516 6177.29455413241 3438.5363559003285 2561.891596040206 2262.6733587192884 2311.1680178116244 1760.9772194419006 1514.2480704854017 1892.937859049397 3428.2502665993843 5192.508076404765 5087.828023817777 3767.3049062744517 5239.819535096352 4992.022674866276 4624.231678659565 3199.728699261904 3300.9687024480613 5082.348045405889 4015.333265733309 3685.6823821664166 1699.337230779948 
7043.025002958119 6346.153114809724 6489.7998784304755 7253.201007847558 9600.23133258912 10955.19694933232 11604.835037162364 10944.554591391334 12509.93975027581 13994.038873561569 12566.653018007186 11368.583046161037 16581.717920339717 26833.527832645283 29366.437925582974 37154.391485400716 108528.25632191764 649390.5983529381 148864.54697219338 52849.10921397725 30638.779226412364 24630.326074939578 18828.561067779603 18404.683765155438 14871.502510079481 12559.266244574645 5455.186578747736 5935.206304547604 8262.125946249085 5111.690468151387 3631.067228533221 2584.868570791579 2425.069333504798 2763.47555726922 3611.3971901409577 6184.058690308578 6059.685646976767 5959.3462927409 6482.632180416242 6684.4061105998235 4879.220821725069 3968.784645273171 3412.9671461935636 3142.3193944238847 2550.6264576878616 2563.984985251593 3313.9708785562843 5177.067357131356 5801.327837874529 4902.578822246398 4417.6783273942465 4502.551816292986 4666.358090919456 5608.9441924755865 4511.833079529197 5090.348147164558 5651.771181261033 3866.36303806494 5183.381032128095 3428.512341078738 
7712.545358353364 7313.820386939609 7426.98283271613 8711.976714650822 10193.594003458096 11727.038383996462 9643.314841867306 8137.347891766241 9843.991876144799 9649.739653851344 10341.336731937452 8795.066955674947 9301.484076164694 19213.6622760627 17617.33315758015 20987.157031725317 37851.314282717525 148864.54697219338 614169.4740862472 193728.70105441342 45862.23210749075 26073.58031125179 16174.37679420827 17710.770258176635 13568.314463487703 13581.308490714391 4646.710068406926 5407.716639783118 10086.930552215677 6512.848407405206 4565.557473035229 3527.1537521736686 3167.788150954927 3427.4689137095984 4473.629441657226 6788.0095083219985 5441.748673617536 5985.83437529293 6097.055630681313 5386.203001127596 5567.119283367757 4820.647782558891 3953.953195203855 3729.1819055832248 3031.6980859798127 3199.9044477393295 3894.71751941921 5632.867091025253 5635.392697242725 4178.432119256827 4233.411056628152 3579.5897494818037 3659.9313200563283 5421.047471384674 4935.317732587391 5255.936414099163 5126.229350007565 2965.573612897578 5127.963462334979 3942.284472688782 
6755.531492943921 6821.130042828833 6400.370375724416 6472.208518053913 9779.187382071163 9276.307203453156 10101.928123109019 9259.350996246121 10561.634688485337 10998.417097224394 9938.00568019304 8865.960173689402 11225.502810806465 15972.14797956977 15725.492434843734 17305.33203218553 29019.383320376925 52849.10921397725 193728.70105441342 626086.6069766985 111886.02809819329 41775.71698668116 25200.816403047895 22799.237242777504 18499.10731002678 12645.264861371763 6014.512452906404 6934.065817681716 7583.086816587986 6014.625472276474 3529.3890482761535 2557.912625457757 2554.5306945234775 2527.705987420735 3907.6818825653845 6602.427814534457 7168.586122404739 6438.56073412144 7131.499680994611 7599.629693972883 4819.826491980032 4139.706279962363 3596.729362727203 3799.3250814850026 3070.6069950468845 2597.5939045874948 3350.5343234896336 5450.00587969525 6380.823747439531 5348.536365575381 4014.1209794646966 4387.38821860083 4428.283300521303 6133.24434394115 5157.856150552737 5360.306179514084 6533.040696122706 4505.534714161095 5338.162793921644 3333.203133030538 
6899.0561930856165 6746.600267915983 6575.7748182442765 7524.809005770102 9243.344649396331 10764.934736270508 10434.688475516363 8859.765212474156 10814.59730211584 10478.300917424418 10727.027098068644 8942.5210506692 9201.832299885196 16889.91305098983 13914.423121707587 14803.59758624433 20308.9312510211 30638.779226412364 45862.23210749075 111886.02809819329 656238.8301139534 156484.66584544236 36609.36588676047 31287.983360457172 19727.10634951853 16864.87355732071 5853.693141781628 6488.719000999739 10683.608441031127 6563.331267438304 4473.137668425105 3291.7664551263165 2903.431739009771 3184.0049056187204 4470.01440491842 7171.420435248951 6549.887995114459 6939.602224716051 7007.58412075838 6606.83198934846 5634.448038416428 4644.19705325553 3786.7027804002932 3683.3490010338487 2791.273510710855 2982.0923816992035 3881.5889861662267 6060.862974444045 6796.876599304103 5240.561385611186 5126.647318645967 4347.034034573385 4333.190969899546 6568.687873339174 5539.986870809487 5924.911961142189 6522.143451181062 3618.6865784849697 5646.568363273172 3806.186908878417 
5922.978372039492 5196.379208398511 4923.177418889952 5076.979272417469 7598.839563713644 8298.786701440424 11335.793081504069 11850.791122583814 12036.041697630988 13308.693178026077 10867.395271351626 10984.762544415571 17070.929550531953 16914.478287674374 13601.25898764125 14160.13200752847 20091.537709679196 24630.326074939578 26073.58031125179 41775.71698668116 156484.66584544236 603240.8851805644 132002.87029018826 50253.28695050571 29395.701715821328 21004.95349869495 14115.0240278685 13296.759591312968 8714.074002985999 4813.720535853225 3007.2209614788426 2142.2978947817305 1970.512872004075 2104.137119012278 2962.2673896871524 6289.133562857364 7623.930535955575 6523.749131662242 7574.991814674383 8759.005722183694 4433.59874459578 3546.0147852229993 2959.744156137302 3305.2524675638206 2325.760648027566 1995.9588874134374 2392.479549139562 4747.842274108231 7059.133369165048 6688.279407487679 4754.824303686543 7303.928898927859 8048.218833477084 7478.324060008764 4993.909971789572 5506.176802285279 8966.43028895858 8179.350551521916 6919.335339794109 2879.4406565045247 
4928.438263485545 4097.39051127496 4035.657885706854 3550.696817888697 6608.188757717048 6174.289136572516 11177.235532172768 12137.17100699798 12041.946819970588 14023.266036118688 9781.770770283236 11010.270246801983 18851.873042575124 13843.44481415159 11639.983078756773 11717.70199555427 17256.077130128706 18828.561067779603 16174.37679420827 25200.816403047895 36609.36588676047 132002.87029018826 614537.0218478605 174429.67450231203 48092.26022489102 25048.103818533447 19955.5698546938 15910.612399170323 7037.085198561861 4233.5529074239785 2085.895428749474 1610.5209613585823 1610.473667059864 1485.723909250262 2458.742293538836 5438.642237423414 8435.682586148376 6670.609234354676 8182.27634540744 10586.52476151216 3585.0794808135975 2722.4823730936982 2598.7790689299636 3096.7208156440056 2048.568569972708 1480.5506583840374 1728.0022778632115 4315.0126700613055 7086.070593453758 7597.019394654548 4147.151845686277 8361.664678896643 9893.526487952577 8356.65931530376 5020.744517963053 5615.40099309982 10994.766780620204 10951.057942003816 7371.624541338405 2384.565499521878 
6940.882172548831 5862.152188347208 5505.050118294085 5475.582158661044 8437.676233136497 8732.44266279573 10081.215893319333 9179.41398124752 10254.835133510847 11448.362124763136 10350.950366174953 8958.680255697403 11203.609603190518 14174.950223239106 10174.974089040488 10575.067681622484 14716.467981212485 18404.683765155438 17710.770258176635 22799.237242777504 31287.983360457172 50253.28695050571 174429.67450231203 580637.7476214458 124917.4432685824 49022.28403120861 17721.754657370297 13044.216460664707 11995.180557068104 6544.491771315979 3558.936116817829 2387.9792338780476 2281.3393023737904 2444.8890490989647 3694.934478333295 7618.320529565968 8266.307044150508 8324.218823341902 9419.125852501746 10069.238873609893 5670.766461901602 4557.958455444952 3843.802235248713 3862.0730910077127 2787.5700336811838 2434.6129089716583 2974.625300261339 6645.215177068968 8386.509543877124 7035.135585496875 5830.643308638133 6835.4046313554845 7676.771606806937 10684.73993711294 7843.920954311865 8603.836795955835 11558.285423634377 7959.267403255523 9501.49235156295 4252.543288836235 
6358.563253608378 5323.63366453981 5053.748898164693 4534.915662857948 7895.47388826399 7527.744691488788 9400.356778580202 8792.903086832624 9506.013423392586 10996.417811287141 8924.014855107358 8268.965203671656 11918.036133807533 12014.207636824887 8968.549511111936 9475.69341927941 12992.581470701345 14871.502510079481 13568.314463487703 18499.10731002678 19727.10634951853 29395.701715821328 48092.26022489102 124917.4432685824 626886.0621244175 159627.6617864253 36031.89493906234 16558.82133729678 11442.054645179422 6875.344361843212 3110.5596851263663 2262.2184806423393 2245.9401080812067 2111.553644481248 3603.6596041379707 7119.219438687799 8752.29647373729 8124.6936680987155 9782.360198263565 11534.28227964323 5064.413971034081 3999.3831771179166 3562.990213678142 3876.981200991495 2906.3789650969097 2135.530869127642 2773.400169759255 6373.319532131659 8763.214233582512 7831.2501978963255 5093.220668319905 7071.714718751641 8104.747822120916 11572.688012813936 8325.33552324515 9075.496747518422 13414.30069023553 10203.30581565204 10790.51126603136 4050.623242284438 
6754.170042650634 5587.867765809051 5060.505054578655 5855.562137629468 6776.342793566132 8738.708965569664 8243.442253028754 7637.045108557466 8865.081372789784 8943.33821166839 10126.535600158602 9111.708790727109 9110.434339270958 13608.876847463718 8808.126236071641 8720.56131805902 10506.102679578935 12559.266244574645 13581.308490714391 12645.264861371763 16864.87355732071 21004.95349869495 25048.103818533447 49022.28403120861 159627.6617864253 680973.266323215 117206.10031289309 15847.550403135583 17483.643989602166 6727.205685707703 4445.988519990383 3062.724778242491 2719.440937571538 2929.2236149464684 3684.786943063436 6821.9932316012155 6053.18184831094 6908.286000982319 7258.685984033449 6305.06812171519 6206.400828107003 4431.959781470305 3794.4017920460165 3483.475850509471 2556.6358256531407 2663.3339774184387 3429.9119227356778 5809.868846975133 7293.608344277188 6257.943267680235 7254.371468920548 6502.06601670432 7804.198143205247 9367.511032978304 7392.554300334464 7913.217230164192 10000.430334823823 7415.170668594031 11334.022960520999 5110.343617659099 
2511.603846526132 1722.7829353267555 1442.8144386841332 1290.9026380679968 2505.26042771461 2180.9696395860606 5844.265404095252 7533.264749219427 5317.271395042082 6545.356717986371 4490.860340754548 7930.814024268436 14442.177259336635 6008.731124269775 5508.853406737191 4649.874842503749 7162.208242471236 5455.186578747736 4646.710068406926 6014.512452906404 5853.693141781628 14115.0240278685 19955.5698546938 17721.754657370297 36031.89493906234 117206.10031289309 1035038.4872266783 23114.366485471368 3788.1712262472893 2065.73174787565 962.1924930215138 795.903624857711 791.1397347619893 705.6477910919591 943.7297189699848 1820.8285869261163 4558.071974920788 2258.444083724874 3462.571399785115 5113.697605779432 1275.6668335561515 1136.8550412130194 1132.5529610753765 1341.783656799476 970.3695144502385 651.7964200037169 609.3673328240587 1440.3264060071608 3270.0360006290557 4384.902573210887 2192.0177257279747 7590.939515614799 9641.57034823145 3550.7308003314906 1868.573000594214 2049.4270130831746 6846.0454358931 12854.16667548647 6265.087090545425 926.5192566726258 
2819.102101838762 2110.4848903771967 1843.893778858192 1463.2553085216928 2781.0804972130645 2427.6887760546992 5840.044584306261 6941.576870446795 5665.726741459997 6634.218255732587 5128.264041895765 7564.225299226944 13741.483209396385 6578.466676878741 5088.630189665487 5152.807468996612 6744.164961929168 5935.206304547604 5407.716639783118 6934.065817681716 6488.719000999739 13296.759591312968 15910.612399170323 13044.216460664707 16558.82133729678 15847.550403135583 23114.366485471368 948595.9650275167 56906.91014953635 10704.469570751287 4600.093245338925 3289.7904446721764 3070.870624029238 2533.2589795989375 3377.5207222047034 6210.827345079324 11679.798178830904 7748.402994548414 10185.376848751319 14251.026265652861 4244.14335075954 2993.8030413978377 2982.6198898509547 3657.779725831664 2307.4838727557553 1370.879478403397 1502.0061125799978 3999.142556589958 8570.353428719884 11164.746287986383 5162.589362846433 15679.876789865077 21341.914210151277 11151.651745589692 6024.315436073565 6777.384333034338 18061.22728728115 29186.45773706747 16290.756116298455 2187.419253292469 
7131.542946504466 6419.931038462917 6725.130453787115 8501.693157081127 6707.35825016852 8567.356915154262 4479.697645321942 3412.1133699191587 4484.500905610971 4299.87341480146 5933.294327712949 4779.530020948267 2990.114258143107 7190.602917098425 4920.739067859355 4899.715668342254 5231.560895261387 8262.125946249085 10086.930552215677 7583.086816587986 10683.608441031127 8714.074002985999 7037.085198561861 11995.180557068104 11442.054645179422 17483.643989602166 3788.1712262472893 56906.91014953635 701302.4398868881 165002.9580294988 34998.156971098906 20608.40003962228 16059.435153938173 16466.83058180881 15573.350099382229 17846.824339893035 8882.888469084844 12027.844045592166 10402.643675278858 7133.9208830048665 12278.656548706183 11276.371914399962 8797.764154658851 6930.432925994524 6187.050423739624 8850.391446245683 10785.30074326605 11863.393568569501 9415.092282400652 6381.121195251503 10061.543340246624 5572.421396145434 6318.921751221287 10827.600164604417 11671.709182527347 11711.533321801746 9130.287409824225 4554.019665632422 12464.452134046147 11216.62641552662 
7549.705896210957 7359.046639348729 8433.629414578962 8561.157455648055 6959.143583791935 5792.919093366055 2814.805766643837 2148.6507895811465 2625.7990811781015 2556.5330520114126 2857.799590072907 2219.556664306173 1702.9729560254502 3427.8857685039375 2929.266091760779 3045.6763533690505 3501.8279197091415 5111.690468151387 6512.848407405206 6014.625472276474 6563.331267438304 4813.720535853225 4233.5529074239785 6544.491771315979 6875.344361843212 6727.205685707703 2065.73174787565 10704.469570751287 165002.9580294988 716373.3216283565 124646.16777232327 36233.600408513725 24172.833123659682 21043.78703402148 22496.32389337728 17325.415734497725 9876.153895979176 10664.491897129132 9484.645684244666 8129.8773078653285 10390.784608067444 11941.724496302151 10620.261724321283 10301.36167685561 8758.965882473425 8905.017823619311 11444.25577599607 10607.017409159695 7102.079581031119 4556.562975507704 4583.358083765438 3152.100459567508 3204.695732773519 6740.767566728329 8405.572638931608 8345.84817140313 5783.091913388492 3113.1655764223374 7272.861009088559 11423.792418172383 
6035.011359763564 6041.5324192281505 6993.486386376337 7996.563414475087 4956.657919887665 4603.322197640453 1813.8151270088188 1287.9882673684513 1774.121762054944 1494.3347995032996 1993.7757692332214 1637.8310056410505 917.8596846810058 2402.4015606489106 2075.3209158340655 2142.762671079223 2145.5505011833948 3631.067228533221 4565.557473035229 3529.3890482761535 4473.137668425105 3007.2209614788426 2085.895428749474 3558.936116817829 3110.5596851263663 4445.988519990383 962.1924930215138 4600.093245338925 34998.156971098906 124646.16777232327 773297.25913271 194296.27473699235 42436.7573279318 29993.44499669647 20909.36014187011 13884.219916229347 6092.848686474159 7368.004043377497 5939.575084138686 3978.172440660314 8406.184730543433 9841.60563003497 8701.329440125108 7177.607873955276 6695.12264584389 8838.577605413713 10089.569071943022 7269.992380578914 4098.087495910208 2515.0165078381206 3818.1357073902645 1789.855344991777 1744.9666579801105 3329.1196402152 4867.597530784948 4941.265061452481 2717.6849209885786 1287.0459429071693 4430.568634931224 8274.524749621787 
5175.695333409657 5310.337024576597 6266.66100226749 6969.202265817913 3743.3623439659405 3468.476706576531 1349.8608780031002 1004.7567286778223 1265.6975421739965 1042.863144937509 1463.8370740374198 1105.4978055989907 765.7918014770739 1804.8337786718278 1574.3054741567955 1569.660811527976 1568.4610124231103 2584.868570791579 3527.1537521736686 2557.912625457757 3291.7664551263165 2142.2978947817305 1610.5209613585823 2387.9792338780476 2262.2184806423393 3062.724778242491 795.903624857711 3289.7904446721764 20608.40003962228 36233.600408513725 194296.27473699235 789768.3990895017 150515.76265491606 46766.59597548236 24062.007031093606 13050.213932265757 5470.1696619819095 6405.185577432285 5065.91870385407 3546.482521643469 7149.40076823281 8727.242598549874 8098.2481696474515 6613.4060115456205 5943.440843551086 8328.564392822593 9026.6042365539 5835.6089621274705 3229.113903572126 1886.925105746974 2925.9256402932933 1491.2122674070968 1443.1681824602676 2568.699653364413 3546.128791953939 3685.115126761145 2110.8303227811157 1134.311693915825 3541.508613482188 7250.292905194132 
5396.640304492842 5135.098593386285 6451.556433941785 6536.1614777962905 3743.6950793020733 3193.3091200938234 1225.236824835983 922.9921293078495 1209.6890785642797 1010.2841582798571 1304.7422300029202 1056.38268217285 745.75214307352 1590.0507040610553 1345.4963063152532 1357.7118300961727 1532.9107773466885 2425.069333504798 3167.788150954927 2554.5306945234775 2903.431739009771 1970.512872004075 1610.473667059864 2281.3393023737904 2245.9401080812067 2719.440937571538 791.1397347619893 3070.870624029238 16059.435153938173 24172.833123659682 42436.7573279318 150515.76265491606 799894.6815638904 175861.51229179907 40144.578972748735 16800.24920272466 6680.383491669675 7454.842512047235 5693.779953691756 4369.029980202604 7866.38212968148 9968.397421718197 9336.858724741 7704.293078831935 6917.390362222109 8825.041093102695 9281.667631043732 6009.6912147371295 3315.4762480288286 2157.5176183102894 2684.134155724124 1508.3748437665442 1580.6942000053361 2744.7832872843205 3771.400139329708 3964.6710113577883 2258.640582892408 1281.8990383350292 3675.4985921925045 8075.040469660135 
5302.228333253492 5178.801207545191 6107.020680430012 6833.013589652103 3962.715667316936 3874.535089868787 1498.5193482805118 981.7863362532588 1278.6616163569643 1095.0701763845966 1531.0891446220073 1262.3597624955767 713.8969246613276 1789.2025780612882 1674.6357101001647 1494.7166079645156 1519.3160295814996 2763.47555726922 3427.4689137095984 2527.705987420735 3184.0049056187204 2104.137119012278 1485.723909250262 2444.8890490989647 2111.553644481248 2929.2236149464684 705.6477910919591 2533.2589795989375 16466.83058180881 21043.78703402148 29993.44499669647 46766.59597548236 175861.51229179907 741179.9208497873 183331.90829330613 30199.645767660237 8229.32588901033 9810.49679209732 6907.365762226336 4522.093272020975 9811.657483710465 11913.782199320907 10150.53396125989 7930.369208208119 7522.02708301441 10254.565497327389 10540.79950969294 7094.582248135354 3882.5916378403294 2277.7464805745026 3633.9872661321224 1745.7968546046548 1651.7975127864386 2998.975466547885 4282.074145650956 4285.391369521762 2301.138604256165 1188.6807361766257 4039.1590720598156 8358.257184723892 
5738.128867292355 5957.265412412669 6958.703792070877 6897.111223854791 5080.713425467785 4318.610409822586 1952.8733708452262 1499.6394148464733 1817.1692673203104 1645.3524328575284 2019.5306775977988 1567.3254199410135 1143.2456972725606 2297.2287127161644 2063.65371420954 2155.4798436892916 2420.6749718655155 3611.3971901409577 4473.629441657226 3907.6818825653845 4470.01440491842 2962.2673896871524 2458.742293538836 3694.934478333295 3603.6596041379707 3684.786943063436 943.7297189699848 3377.5207222047034 15573.350099382229 22496.32389337728 20909.36014187011 24062.007031093606 40144.578972748735 183331.90829330613 754402.571005747 100941.2067744198 19590.201718584085 18536.606819107015 13148.684512908285 9903.191821423807 14405.150477438658 15171.173510251152 12380.677333268244 10768.911256511085 9053.716774760354 9424.015279099243 11041.00481749069 9304.142854626565 5848.393817478939 3694.3030477237944 4155.677128772182 2601.398399294043 2466.589047473936 4796.795378544781 6175.080069262775 6278.331945150289 4042.5826925067204 2123.6397408437983 5241.408835257775 8882.091349049846 
6068.653407396314 5873.9272169962 6036.406078825399 6226.959618897936 6171.823484327629 5679.7899846916835 3913.127420837278 3003.784394316395 3784.917285179161 3611.251039189652 3899.204590019103 3045.617314048568 2520.309346762015 4841.572711661216 3742.610401198235 3804.1029527136843 4417.990915633055 6184.058690308578 6788.0095083219985 6602.427814534457 7171.420435248951 6289.133562857364 5438.642237423414 7618.320529565968 7119.219438687799 6821.9932316012155 1820.8285869261163 6210.827345079324 17846.824339893035 17325.415734497725 13884.219916229347 13050.213932265757 16800.24920272466 30199.645767660237 100941.2067744198 636302.462773494 141669.70599706194 73407.80297550534 33342.440657996376 24902.859747871258 22919.78425233151 18581.014746321944 13639.446914927208 11532.41895462454 8489.271067377711 8420.916736635952 9528.945758828351 12060.734204732187 10896.307322088693 7243.865417784573 7329.088503971294 5669.559792949437 5566.653398645195 9821.406877112684 9854.879269785024 10177.308352879665 8347.4790009552 4420.6365126287465 8239.743155470032 7885.939854015829 
