555840.4147494881 135941.8663008443 61715.22884573822 34892.3701516518 19761.48698482099 15161.076657297246 12203.92240644724 8864.471782444456 7749.91600905219 8366.066531924529 4854.747055497349 4603.710174826183 3886.0733657789897 3889.350181059593 3252.824221877676 3109.193282969388 3429.806382198699 3286.4210439630397 3323.116372510062 3070.2951481803825 3011.151333918369 2918.376792067561 2863.7777152947447 3293.0267019106145 3082.8468456512023 3477.1776401710517 3861.1053093612463 3293.820773638088 2993.162006106849 3129.137926974844 2859.5632693388184 2461.120314602762 2384.4722393564925 3011.2008946627684 2879.136661041891 2907.899004869826 2410.7780806133073 2231.9452708773306 2145.571529086865 2511.0986440123734 2364.6406536759023 1947.8474965460882 2041.0834872673402 1869.757070080592 2489.8901317488135 2090.6898622355466 2143.8742978919267 2934.9207653790777 2756.009728451987 2320.710569458008 1674.0010915177052 1978.8844035444074 1249.590286213677 1795.563516845323 1973.2056563321778 1973.5623916450886 2086.748914417533 2479.1667542803098 2973.134567997586 2219.868788216161 2360.5357780459453 2144.3267627791415 1852.4007834440208 1727.8065518131095 1772.5407912114852 1338.99303825914 1099.557702663542 1328.9012981867143 1413.358342397272 1283.967455202628 1375.169619795558 1237.2342500145983 1215.4132056438723 1038.6845406989341 1288.0372512967056 1317.3073488138755 1348.7240622278566 1016.9679435695073 1132.4300215873066 1142.961002368793 1082.6000719915648 1033.9718110201716 1121.3858338728307 1212.544010113863 1017.7096481804316 1113.5738430232648 1049.5684770632568 875.8154440084649 984.3372267224936 1008.9533915852298 972.4155693453972 904.9983328750951 861.8118550763912 802.917547849565 802.7703398612056 719.3260455655533 818.1417150899829 821.7265080923227 863.9495142960384 741.5177180014133 796.4240703545878 827.9894824150668 720.7626904781384 649.5264763153751 688.5367759623632 611.2241679982701 840.6555520788143 619.1650996179965 593.3580501403679 695.3828079879551 635.0598211108857 636.4816594553224 707.8751142259861 739.4656483722478 739.6181931313055 720.9562245935622 684.7856678049072 659.6171517477997 558.8219766975087 660.863774673679 663.891325785302 541.2063383275638 533.5292881683687 634.9660428159409 614.9141546437882 626.4434323760041 539.2221507923695 568.6024435191152 426.3539421599043 451.8973086354679 491.14509429120665 494.3065254422485 638.449666450038 580.8453049424661 582.5673451716227 517.1349011905091 645.8823106843748 630.6484947166299 768.1268442952153 851.7870161716745 865.9167842616187 729.4722278589878 729.8697631160427 834.4906594668715 755.3900473335931 699.3353021449623 754.9061237050149 717.1177203128623 759.079264636898 933.1056632908088 1201.6529036734853 1595.1904237530275 3370.988724808262 
135941.8663008443 512353.3511512665 176190.67103746423 28969.66338614168 10829.535794941683 8936.30855653201 9544.968938952392 9051.899394793789 5269.49324937518 6935.342762506142 4554.023675496851 5293.888703131309 4160.81149507923 5837.380996352872 2654.4139650536645 3604.7388486707805 3641.7408868265543 2554.9428907760307 2990.627503276542 3025.683812410578 2709.725989143218 2321.5386461904022 2365.987639323322 3064.3098405731066 3940.8801556281046 2283.334653772665 2401.215441712723 2360.5518900245643 2057.559737425292 3297.5141602660765 3264.7813864771624 2583.7754158880775 1881.5933750892839 1890.6789749007596 1782.6447584665345 2385.863152856495 1633.7396833841372 2161.4268624300307 2283.4864624588004 2527.2011790019305 2845.804949475728 2382.026070778391 2096.3695565560397 1334.0221069577367 2407.6888399327468 1569.9537262163296 2558.737110146502 2561.5937940277313 2353.780890989376 1854.1350285008932 1195.7669251364855 1338.7043361567025 855.1217831957766 2082.3561974018976 1673.5516981594824 1531.6129416442961 1436.82804656622 1406.4398636195065 1090.4437638002682 585.1342643018676 1396.5500430164695 1066.845156193911 1231.0176020982333 1437.456586858624 818.002618980672 844.5197272603448 843.9250719875533 1035.016241956226 1390.5793603761215 1047.7165368459127 743.0019128628038 967.2162820144371 839.4817527669879 536.830388793433 736.4989364216785 1153.1455455077078 1371.2026074656908 560.6341329567778 742.5474742706418 622.623775943542 669.8680685830655 628.3215840676754 782.7325448552955 648.6756371434592 519.4081040376982 612.8974399152207 561.9782580015938 529.0116417169705 545.1270348011675 421.9951532025168 461.3053172821898 560.4619150073773 517.8927603762056 544.2889117995685 855.8687662242855 496.1277010449453 418.67284621791947 521.5833925455431 902.7481741393484 572.9422739019117 701.2235660384171 685.7880941924917 463.46362563241496 501.7782079003578 703.5760826591269 510.4855495049188 715.452799827402 671.0446272219762 396.772602148263 626.7374935029999 525.0593107317379 442.5306346697415 523.484398721048 395.573568650553 442.0320806797526 668.7122259154976 902.2646394738076 765.2868222464848 424.92186126704365 470.9067243961335 689.1697785077542 524.7700573756283 374.90895338035216 301.4694105936331 348.6117460958081 408.5891101807004 518.4343738642631 666.1149466269364 322.4610163824461 419.6957315853408 371.5503999406051 509.9383209430387 604.4636200404186 662.9377344681866 427.95292283952745 350.0001587913117 537.3447512711755 442.0021726590206 409.0555688828668 496.7970180769837 601.549001190629 389.47178818085706 370.7478889472599 422.4255661336678 401.5098596653347 545.8603400286464 676.272697188052 650.9363899092382 553.3127300857451 463.23567130089907 923.4798659959683 1449.1843437689542 1860.3083709089835 
61715.22884573822 176190.67103746423 434708.43528987386 92128.1204417574 24363.46856969542 17040.932242659896 14578.16497019029 13411.79489739971 10195.37972830772 10422.27124013462 6804.747924787226 5971.222264818921 4860.474057292674 4993.2677282382665 3900.3199654627488 4265.803169968275 4679.679983859622 4073.254673043245 4213.984002496556 3849.533696798825 3930.929579387161 3715.0974890065327 3694.283213756413 4157.940385610244 4588.815273057922 4119.616795563523 4309.5127279543385 3856.716128804371 3496.6115964025644 4096.488999878059 4291.233818350606 3586.5528857320896 3179.6139307825356 3208.7556981317225 3026.738895829499 3386.6888674253382 2866.7364983521115 2925.111042071216 2812.1656560872834 2751.8219525704208 2682.1915667095695 2302.7394526667877 2229.3655917442525 2015.7806036079373 2733.8069925472305 2159.983235408703 2373.8508099068426 2369.7015977410215 2216.3506198641157 2157.5785781224686 1756.1982941792523 1731.7396165993105 1242.0631009810631 2103.0016189120875 1926.5585336503525 1843.5559598193195 1715.0180219066795 1766.7211504556108 1348.9382014466855 772.3418939864722 1635.986422149016 1471.6188444162904 1418.5453154322295 1517.4716466571888 1144.074790924933 1249.224737906001 1227.0888255994928 1327.1954024181325 1336.3524867941544 1245.827048874339 1069.3985795377919 1106.6386383716122 960.2481706798796 685.6618598428046 944.3399319398908 1004.0720918995688 1165.8203479025228 820.5031453348525 954.80397007406 887.5114638028557 867.8783490848198 933.4549383056743 1007.8599292499441 1015.2168689099204 830.7156621620684 823.9150586269168 702.779147775963 752.2541926719365 766.0737471266701 748.375784677177 794.0406322398467 781.8785910445919 721.2691849872276 711.2936056757993 917.8638175230194 682.8487531404065 681.0296687787919 765.2872921215236 988.4502904358802 843.1927916146269 851.9289074198126 846.0355462777942 767.6787430256634 698.4312026653714 850.6795113248754 701.6395516883433 789.4568483839913 751.0027627865597 651.2374227559452 737.3913794030867 722.9427101724739 622.3237115528965 643.215278793093 532.622366150189 592.815904333069 662.3402046870137 792.2951757931846 678.4313262517479 555.8252967927282 594.3407854611152 704.6323411773243 605.6374600311859 504.690067634959 469.574472961076 545.7499777296936 536.3991623013487 596.517711938631 603.2047209819489 418.65798155305396 522.5424402844591 489.5141218839054 586.6134012353311 677.1380981239174 673.194958056071 542.3198368169319 488.2514816722574 601.7886924050488 575.114670032933 597.2846414172967 656.6719211505145 690.0490071875853 560.9167623258596 537.3417684199519 563.3564549123953 551.4618387766081 612.6993993525107 698.4836544730698 715.8055381666029 717.3346635494958 763.0852202114055 951.5828853729699 1003.1739777102025 1429.4239800675455 
34892.3701516518 28969.66338614168 92128.1204417574 444719.765167302 86213.50503961553 42299.34177283803 27803.07162559254 25224.89257039663 20420.61266141188 14834.840191063839 9713.817840927348 6567.577040778901 5605.9024398270985 4275.992920056101 5414.101994853888 4691.9074330799685 5175.788448300828 5585.466312997363 4874.672487188577 4217.191884815796 5138.999467635741 5577.086130452998 5523.553058758297 5430.230629979321 4927.162745787786 6604.87337443932 6766.885338282725 5766.41316032442 5155.4723770475075 4521.9546553216 4641.260104405758 4411.109182877271 4507.552312073318 4860.263616943605 4638.6245915764475 4067.8105188196064 4048.9116866655413 3455.1440869981757 2924.8112454254115 2361.340818433379 2040.5824156838962 1996.7972819430845 2133.1217259970445 2292.458870516338 2605.809513263761 2541.2922777755275 1981.1440513686532 1937.8957889925136 1924.6791296644938 2027.873087134292 2189.799478725517 2048.874163248179 1350.5876219365841 1616.3643042638796 1881.1993783892822 1863.3280463959159 1764.0372586658345 2126.714141522978 1935.7769469760956 1214.9724349617416 1667.7922536129718 1827.8351565619757 1585.6976828809727 1539.4854054315206 1678.3471216195476 1477.1405010455298 1344.7712107606437 1321.0016896223062 1116.6621354910228 1199.3106679427715 1310.9162318075732 1116.3759563667388 947.5703696247379 834.2688562560962 1097.2364536810696 894.6556457154148 958.0992019442097 1163.048064532512 1096.2881932981957 1169.414599939472 1142.203166122804 1086.702515191004 1123.2969908232621 1234.2060962317648 985.4302616631693 1084.9534943969527 1030.7968682323433 964.5142155606254 1005.8341917651201 928.2512285929718 959.6683387687946 976.3120351546362 976.3757315708208 909.5528748080166 811.3592052076053 896.8702030337506 920.8329479311311 957.7936912853448 865.2168809459902 867.5116256278542 846.3571662346412 902.5016450651577 981.9115877492983 875.7943217523332 734.7552054833113 707.3625593791902 728.2654378396097 661.1525340154209 764.3650522030199 737.955150737967 739.3660258036895 779.4591074107577 618.6922532331838 605.3025255724766 719.1896997363644 576.466459949453 649.5339005039251 567.3892303951137 631.0250576503403 627.2896869921503 565.8957409507238 557.9146799421937 572.1989640041108 573.7022015024045 618.0165148699853 663.0250338852735 527.4811035843018 530.5035846497342 401.13493335272915 451.9757658316984 529.795757268059 514.0226299238178 521.4797871416048 497.44213669731323 570.7568441300192 592.9911115571298 660.7537135111244 579.9616497886384 734.7187670400493 698.2415753739739 722.8039708872185 609.3310207680751 669.7229621599487 743.8075560947299 750.7117440648094 681.3153788677043 634.3548307179123 664.6464403893474 744.843631130093 897.5306547106135 687.7784934510088 634.2697859288542 1139.545995934276 
19761.48698482099 10829.535794941683 24363.46856969542 86213.50503961553 430403.3335770418 135573.64438920858 53469.70571348449 38396.811501777986 33421.87640285314 15748.525540555043 9555.59952097455 5503.5893151208775 4572.671533266295 2607.217398730844 5303.415730933617 3483.378444383966 3753.7574511025136 4598.243096466173 4157.179871797109 3497.528888521373 4827.165088024617 6208.1263445540735 5351.416583614975 4670.946878287189 2990.866585959581 7168.336528733076 7985.850545076787 6711.933657908514 5767.130398608231 3863.142791965649 3429.0787775043736 3858.256126353255 4681.033873030102 5897.191017582886 5301.712792390308 4088.4685564116708 4345.890598917263 2810.337725609615 1933.6020271267387 1407.130925888775 1074.6766376947814 1063.5634835506855 1601.8327368845705 1852.717280720878 1698.892239998783 1961.0696456472833 1061.19164798802 1275.9307478462783 1348.6717590974786 1308.1472060148608 1606.4890423472852 1687.2483470875522 979.3975309764794 840.9309690938138 1379.8103589428667 1424.3790025600324 1349.136075931548 1827.7778243071975 1927.6765523464787 1336.143072406684 1702.4297065549372 1886.2022263906645 1516.6667998892449 1352.9854993362424 2044.6095460528563 1269.6065124321028 944.2114147061145 998.8285636532241 758.4024484788034 701.00900433088 1152.4394343938889 697.3337042084792 878.6149289347504 829.5911838999812 1058.7971901301403 686.8452149650102 761.2952097280477 1266.0823763294711 1166.5272301975585 1386.7102116317735 1339.0127070409408 1232.9488301547356 1056.6093637115455 1218.7551521923574 1119.346515565648 1189.3680544877682 1175.552665095969 1158.067580802081 1049.792160249135 1044.754005884404 1104.3830256924232 1127.728345120039 1061.8895209291024 876.8222403985042 574.2292557223159 912.2027623159452 1001.2988926228322 775.798592769196 561.6723494937279 678.783995596887 524.684700490709 623.1198443603646 859.0383445140457 696.6658223982058 508.94961787155006 524.7640854397557 632.2057024541667 411.8850310884314 530.079279929055 572.5715634751452 597.7269436061953 648.4792834270344 567.8111624700446 580.00534309744 762.7360402660875 410.98884398342915 362.28623002607014 326.4864063768285 612.0831755103826 700.4280695015328 462.3200359010232 449.60799902495927 587.2777407271698 631.4361463021337 615.2445121558188 626.296611796477 421.4116372396591 308.20746907578473 287.0116616382174 286.59281894361254 382.0706055119531 313.51943580424523 313.5404173026745 259.86516105126213 465.3451127486756 511.04409405256445 464.40508737294255 542.1914555308018 700.9235697455892 707.4417247540728 724.9631759758042 747.6511171697608 740.811053186383 814.7255538213267 721.3605933634635 530.1149085811752 402.95692663475734 404.54488684301685 481.91446523757946 717.1764700147712 378.9288971664799 384.9280398473647 847.70459985575 
15161.076657297246 8936.30855653201 17040.932242659896 42299.34177283803 135573.64438920858 430823.4761265105 105629.75807175403 65155.55762975371 36051.845201964425 16020.247821337505 9465.269215994209 5737.035539170435 4628.18509189399 2932.855661438656 4916.970392040823 3474.16261921511 3590.631900805952 4315.934363839339 3844.2418130723518 3201.308942114554 4444.655586979207 5647.414851923963 4648.529025706707 4120.151857043742 3056.9139770195206 6057.662416389016 6714.298315005924 5632.559366938318 4955.827185308014 3794.320317785949 3334.1820915689846 3502.846304026301 3936.9841790225005 4913.673528938547 4368.340676765176 3601.9618951136695 3554.719706755148 2558.1406644152703 1829.3995947463422 1363.5637190994407 1087.7211591489558 1157.39006537952 1588.0658649413867 1630.7565214397473 1589.5902770265147 1724.1669443880078 1137.2369850173495 1205.1974609465105 1242.0489922129375 1172.4920549427563 1419.7019179621316 1391.3246123027704 846.5398832049503 769.1192692441571 1216.0018584476663 1406.517907893193 1273.7457976992248 1635.5730550155727 1551.2267535602841 1141.647818964011 1383.3387625497585 1619.5498877586504 1225.129532112214 1236.214347440909 1572.1322737117043 1069.9474098813864 808.687534977428 862.4339168104052 721.397152503655 699.7594329056512 935.4050675227949 658.9039676895335 776.7502812668866 674.8601442965779 862.1391689158339 689.9490572695807 796.2561335889442 1049.8813288118422 1067.8231375264372 1122.3945009065221 1119.4075109522726 1079.945216633963 981.8713077952611 1043.1735061031775 1011.8194552172026 977.346311094079 1029.9823473877805 826.9165924176953 977.3331790443625 778.8970264885119 922.928072297474 930.1009905477871 829.6489828718497 727.4702339682962 616.7827872479027 776.2884871056656 826.9187198740395 699.1456528656457 523.8830687594821 534.4943002238915 488.0651975315713 575.5428892947075 804.373586924636 659.6469040334363 462.71527069434393 523.3311729935726 595.2162111168694 427.9249280158531 476.2157483107437 536.2714103709055 580.8891898044562 565.7169346520585 478.0224390299635 459.55124814663975 613.8767735276681 369.57129490396784 336.7409673571211 322.4296600132753 518.3363549098057 572.2772523725667 471.47629444919323 389.98561831448694 513.5871652169257 567.8532556089159 570.2432227797464 518.1360421290567 335.67990799194297 304.15627992936777 276.22386840516316 271.03221357427583 299.2532448943383 289.78539231580135 266.93755616738764 307.5914395662078 401.1586545744011 427.2149361892945 396.08615529037223 420.8529804905296 502.1296630219934 608.1762450844602 561.6662307165801 613.3072508930426 553.9859633375535 609.419922564617 641.6331788319218 465.33784934318646 407.43254202486276 365.9587228161066 476.87992303434294 609.0178615839535 334.84828164908305 332.13646442716947 770.5875313666384 
12203.92240644724 9544.968938952392 14578.16497019029 27803.07162559254 53469.70571348449 105629.75807175403 440970.97881100903 151605.71772110663 38991.37599181348 17966.554526279924 10675.62230315007 7553.315237035336 5732.626742064151 4724.5022219885805 4938.941877079435 4131.496383240029 4390.333405562061 4210.855597070799 4123.3306078311725 3669.852406871726 4505.363501940077 4842.506560227662 4478.659236563876 4390.6952184250695 3905.4854393312303 5135.426642551697 5383.958089227078 4751.626228442115 4014.8067541780765 3986.361967157194 3722.0890376974057 3684.36888405946 3608.663854904081 3925.2160825352826 3497.9012996848337 3614.179393027793 3103.373821630334 2680.571355120587 2115.2884742771616 1653.7446088362778 1419.44709253242 1578.8485308519832 1919.432969766285 1719.2019660153246 1884.6447935364367 1645.1632743484263 1555.1991361050964 1245.5926814407098 1197.6539584029865 1226.483887923269 1402.2981008819665 1348.7131913161631 836.0197266460591 1094.3959184773005 1247.5741813510797 1382.2372248443112 1324.5095450366084 1484.5933908877437 1256.7289566564978 618.9768225098666 1236.034859990027 1163.5853981122293 1008.4613074417749 1110.42779543834 1171.8354037194579 939.0833562265564 833.4538534197442 883.7971001925135 782.6690785062372 777.1646005144613 855.0735493375843 753.2005738669272 708.5736628329915 573.084536176485 781.2605206602855 745.0613758178617 923.8102696265473 884.12674600896 894.2454009538228 837.2096646833653 857.0109298522005 830.201324772867 847.5661565092045 920.2906364566063 774.8742296976042 811.0558155547808 725.2364395465887 655.3642153115499 757.9571678159245 550.138835099457 702.2175576701335 703.541000565768 697.1940626374712 675.5553103651741 702.8967911124364 742.6412218472069 699.0365132647519 630.4375991649113 581.6765001657003 621.8669213915275 584.2921215848087 560.170597596005 705.2862083758727 631.7885759704124 550.893550943226 492.7196314315261 640.4088568027255 538.7145871197636 518.7772129717 569.3323018620088 586.071563434139 545.2494972593421 489.2758105748624 428.1015617133449 521.1005944335208 479.2159298619819 487.8266733382266 448.9769971172127 464.99811130591496 612.9018832490856 493.95318156054145 436.1140531570409 520.3134665231403 451.57271270340607 465.23274813639216 441.86465312452054 382.68620156008905 375.6840376836138 322.9832524511185 342.16800813159887 372.69287528785577 344.7732354449127 362.3293735050566 399.4118328140045 438.7491319053736 400.06116650171975 442.8017087166138 403.3559001652932 431.4558063503577 533.6196471421274 546.8001982439133 488.8515250049138 471.2532904136227 528.4640424152944 527.2536250077767 494.0895584105883 468.3332819791614 427.18125380713684 468.9935718745142 597.1693393576865 419.2720766109945 433.7636077285698 699.3504940853921 
8864.471782444456 9051.899394793789 13411.79489739971 25224.89257039663 38396.811501777986 65155.55762975371 151605.71772110663 411048.6250730665 80334.15081585741 28006.31455840227 15933.540093050871 10357.29239891133 7668.550714229776 6344.802231428487 6193.164318690859 6080.898173663888 5867.845492463172 5459.746745414864 5104.2420419688715 4674.210468700351 5651.178194126773 5556.648498114848 5348.389781380657 5406.483011228801 5504.786828759823 5759.765345635429 5586.313275463531 5302.592909674995 4578.211108454406 4826.031655388092 4972.916725598133 4825.975478933989 4314.714650913426 4076.9315437723258 3777.642193111932 3965.630069880776 3474.01158925307 3525.1394007353742 2848.8727380756545 2084.250177839154 1969.5778055597336 1912.4706629655363 2092.7592505939506 1999.6065826999097 2302.264532625995 1983.1055151203768 1984.775716686976 1481.2284737141445 1325.2015841326033 1518.9220266288698 1678.9057205960842 1578.0115940577496 1077.2755960800266 1497.73466523358 1434.2732694380102 1459.7937068834442 1362.1084069185192 1543.308351629991 889.2576586590267 440.33727419008596 1029.5013125423952 946.9075054041663 1025.9347356265057 1136.0617020798911 988.7669126949928 1085.446497151625 1008.3552855877052 1047.1303593217078 912.5228525334073 1075.379418155981 816.6560028760586 856.9962840141825 650.0138746985384 558.3017265896875 672.4493117739147 731.869437462912 987.2533378042048 883.3721043928589 827.083365525976 777.0610465433617 808.3496982335024 830.2211881143818 818.86619276175 926.4366415297559 755.6616831511444 819.2133598457588 702.1895874826267 564.1482326036324 658.290097119885 596.4764383887028 671.5039610533987 753.7640799053537 737.0798841616712 745.9779849835307 865.1437374910653 734.1355733362744 702.0951441579413 706.0097081567229 734.0524020004572 665.6284786479358 717.4861823842328 712.9756739315977 776.1501569191016 751.5511196461947 696.3215747611723 631.0924391402211 697.2933468697406 685.512075443099 678.8360151686121 675.660290223423 685.199190676137 650.4398514127381 568.9193922741501 437.2781213882886 548.6008445702608 575.7814788572402 628.1887899161401 531.7146651969925 504.55207252991727 542.8745095025673 524.2205374321078 510.25052272128625 481.6984904945255 427.82914692027003 478.1670461172814 505.3175128144325 491.84935226337836 500.04719911696435 366.76841196925943 395.4669928770876 451.47635525074764 490.1573517524915 470.6186101280666 516.7591249698274 493.4447375991886 450.65979539651204 526.4166686422362 447.80625427954294 434.2357527628705 465.4136365234193 556.6283476951736 474.5993076169864 414.0856460156409 434.95947957759176 476.9085223050844 505.6135276802556 534.7485677911322 554.9282351833506 533.4226907437813 607.8818175910889 540.2974445609548 446.61307905820433 750.5948166133171 
7749.91600905219 5269.49324937518 10195.37972830772 20420.61266141188 33421.87640285314 36051.845201964425 38991.37599181348 80334.15081585741 391083.9612485817 102240.62253004755 34497.17016462989 13536.239179893419 10429.990030720126 5527.552691076239 9292.952528396783 6502.417661168666 6758.152881443734 8341.827379172893 6786.454618095684 5665.237763092767 7250.726652938465 8192.400326073035 7386.683369198743 6778.410154351697 5399.943480801705 8919.825904246425 8891.659529534423 7846.522964256719 7021.006265322392 5507.397909151919 5613.1196906993855 6102.091191788673 6578.955566874913 6750.4869510250865 6403.7186170636305 5481.320791036474 5690.36869616311 4697.441997780954 3396.140488482879 2449.214674089842 1958.2766866521658 1980.254817721026 2414.227268139331 2875.4135172325678 2501.9457198202367 2695.2238043309712 2004.9357176406472 1892.2758407368863 1755.321207129469 2096.609874313065 2675.7332388655345 2442.8408927774312 1506.3039729815239 1642.6236523974496 2041.1652358605343 1993.2796476196388 1725.5031996998855 2047.915430342696 1531.7027756317384 948.5639224399431 1561.1327836950734 1628.5068676356016 1450.4448090356443 1434.1344900633956 1704.4495116177754 1679.5658686865627 1641.1712722178654 1512.07231999902 1297.262801785691 1343.72628059684 1320.6541830058225 1184.7769162481313 1050.6966064564551 890.0322136428982 1071.8098504277903 966.2285479406164 1069.9403287650819 1374.598650387425 1289.3359842019347 1232.5294311804166 1291.171104057178 1358.7088614716904 1309.0305912716121 1297.4118354147477 1269.2662677788198 1310.8510405961242 1114.5753932067869 1283.209098499663 1237.4544860038418 1201.5597059092192 1146.3818932953293 1201.664297108049 1179.4944485149995 1195.7303151355056 1118.4629086965629 1192.5939647017406 1141.394197222073 1160.8443756246909 892.8877120256489 879.203141662813 1010.1911804235519 1012.1024084734887 1186.907250841376 1039.0260706141294 847.3870283087375 920.0816581889065 929.688141082728 782.3228596081094 898.553444211541 889.3922456922588 923.0767236126595 929.8591983056702 793.2348488778642 672.0796053139728 809.6426720666307 663.2784461550685 654.9730741314568 611.4691608715527 701.8797616619272 667.0449113742618 621.1161979162002 630.7235275494579 746.6064980017416 700.445701884319 773.9480070952415 760.5557942711754 640.7434369633656 575.7781996264669 517.0515387449018 472.2519320213487 572.2495394735098 536.8776888745847 564.665907325196 523.8080401003423 693.7668898692768 726.0903974432299 642.4001278368868 642.4713608709457 644.7115125914604 681.4018426343168 699.8743773462852 668.2752180090482 628.3011412771868 742.6345011697615 754.520607003559 701.4140713006882 621.1773240493079 647.350160067919 729.5044757258734 957.0544292139842 632.1246149539627 508.9319428599033 729.6757975799193 
8366.066531924529 6935.342762506142 10422.27124013462 14834.840191063839 15748.525540555043 16020.247821337505 17966.554526279924 28006.31455840227 102240.62253004755 401062.9963614614 95207.71417538641 25355.079060495813 16266.838167709984 10456.221648843612 10882.66493011276 9259.798872288311 9291.77864745524 9685.38307478187 8478.673706365793 7997.074859573164 7892.101239154639 7498.252747824392 7265.948068002315 7321.067427336536 7277.074734458744 7224.9967010421215 6419.691046876865 5617.675695620916 5048.028957531198 5416.529712587359 6174.936548691831 6342.512273632099 5460.874742534216 4911.080025197027 4673.576730900629 4705.240463643097 4536.351972351981 5365.334804027154 4624.397603759856 3978.811356248753 3202.2569067788277 2836.981364722745 2957.6648782816583 3006.74569178571 2833.7753060082214 3058.321608264968 2918.874177722003 2996.1782121010083 3041.177519902131 2843.966112085257 2948.66702705359 2876.128333532411 2013.2949791852068 2404.798224998961 2770.5346787514914 2574.7671645267646 2157.2000139231413 2270.636422455823 1828.2943785729062 1117.2951533049056 1908.6864520773877 1918.5610932861214 1867.4979658413704 1793.5899897582963 1821.3302295584638 1792.5507028482803 1849.2006956832595 1899.5374968330113 1880.1860393179952 1784.623705198312 1499.3394229487967 1474.3894325705917 1373.674451511798 1100.820326753316 1329.5658153109719 1159.45797427551 1273.2662175553398 1246.0146154507588 1225.0695544243242 1218.207391085568 1118.7047428777216 1174.9428418651567 1208.288413034873 1237.6544862861515 1081.2438856093474 1112.050948563185 958.2002786115033 995.9901998087109 1013.7063697887314 959.4845984908271 1036.915131441247 1122.6480227011536 987.6958801336551 1069.3449308620523 1244.5000477629594 1044.7341686315178 1013.6256381015625 1138.3382350925353 1252.0913184106878 1063.2941655672769 1172.2627685837397 1183.5198558950833 1041.2394671651073 1000.2758869214716 1072.7717603653648 924.7012856468842 982.4449924525708 943.2954533347278 930.0976496903223 952.2830239098042 934.666974485057 887.1664491177612 853.1553708944507 651.1457686447411 727.71131147445 852.2527650028952 948.3008843068438 769.947842955263 666.0354719519581 604.4942375214637 741.0107565859289 674.2716287291544 552.3734810745617 534.5894501195493 524.7791498754353 574.0960689767827 664.5907506999491 760.8556300936059 551.0015040221031 606.6783995257547 606.1550228085138 710.927568322921 711.0274148524412 731.5734696050689 754.5969257598687 648.9042733474103 683.9852240773077 623.265953009578 654.490978175922 585.1502605373835 631.9902631566025 575.75529009975 610.4369786873544 658.4299242524587 669.1275327662277 733.6587968917495 784.2014035869292 873.2050784339235 856.2577554783122 877.635519456361 933.4009499306084 893.7827039708675 985.915313180111 
4854.747055497349 4554.023675496851 6804.747924787226 9713.817840927348 9555.59952097455 9465.269215994209 10675.62230315007 15933.540093050871 34497.17016462989 95207.71417538641 398539.96342751465 83903.66934369248 35393.94180686761 14635.436066051398 17523.376891955086 13058.031698803028 11824.377886338007 12386.762362318517 9094.359470083946 8233.249109842951 8209.766884740015 8003.733467305102 7634.9798255659925 7585.401471316666 7447.960039530208 7575.135245661372 6596.7635844357765 6062.266126838973 5455.071271874954 5449.802269028599 6733.776500838327 6831.417330441496 6210.093923127312 5315.272933392566 5099.270530372961 5082.127253367958 5259.7339900674815 6043.067993949683 5076.636306471283 3967.1547320583986 3460.9891497163608 3264.9118575281095 3182.673382491925 3671.682864735004 3354.2145774706823 3420.339137151075 3260.703510072491 2711.886245562201 2469.910193421419 2878.4076325325154 3599.523371875632 3119.0204065619696 2587.951947340646 2879.788190363902 2855.8919494571974 2710.5954822200833 2531.4354514196293 2388.344074816558 1465.5976075407625 816.6753399641451 1390.0505799451835 1524.252270229437 1517.0281575589256 1677.6356353017516 1623.998049073324 1944.4735635697145 2247.564930909051 2195.3625115431187 2011.3332519611124 2191.6322520251565 1691.1333465072628 1658.6048599614287 1353.7805981177303 1149.0879171416948 1088.3270240918969 1222.0809225169664 1340.6863001438132 1269.5502871480387 1181.4844991987516 1200.2461868255136 1180.401728408548 1268.569859840503 1254.9233498549431 1366.0708768296429 1224.8906016110338 1153.6593812772537 1007.5232334434827 1076.632163673013 1068.4066598734387 1032.0456730773365 1158.9600511725314 1268.952647097816 1184.724384878864 1204.249106444957 1349.6848098899634 1240.209750429113 1190.474958527816 1328.5481585130806 1380.091304799165 1185.6125545897698 1391.0090817376033 1359.6294358999883 1372.2509877193438 1250.7892684746153 1360.1749544718778 1331.3152685462742 1120.9703908689473 1243.592948881924 1247.1061087049407 1261.15300339017 1225.989605711591 1215.4308881028876 1134.4769260818844 740.3144934888871 808.486002252995 899.6648379398288 1012.7711873085509 821.4695226670494 668.7624864493291 635.347841527976 606.6609781897231 669.1584638081287 649.8270118298528 586.1688879991907 631.7286908827448 686.4962243035045 734.3124639025059 820.4033928438558 728.8886040815647 695.584107362527 821.5922934660016 759.9604079512361 767.8647997769305 841.899959355028 858.5643772482317 724.1261056356415 764.7349293627217 672.491219283891 649.2677412537118 614.9190152324131 630.5833770075823 529.8717074793725 554.7558337937687 571.0639467612747 601.0414063360761 693.2003727725643 783.4785178370051 869.003759873212 905.3571668144122 856.870932927885 812.5934870032784 744.4086128960995 749.3495255778115 
4603.710174826183 5293.888703131309 5971.222264818921 6567.577040778901 5503.5893151208775 5737.035539170435 7553.315237035336 10357.29239891133 13536.239179893419 25355.079060495813 83903.66934369248 443032.3753554647 107776.60444767393 35499.73290840696 20939.613420008707 16674.766847810635 13230.693937794971 10367.528461510195 7992.293008946611 7856.528202806741 7097.4400883883045 6229.187768234791 6215.478731529761 6390.89177704492 7173.0473126808265 5429.094007783485 4735.4640015078285 4787.296776573991 4179.707841559601 5309.498381657086 6471.839879971872 5828.470957236382 4776.038341834179 3913.123668903681 3718.8144467414777 4504.989672817574 4087.707912978323 5020.462701989194 4886.897053188493 4060.6176959714126 3944.2746731943876 3821.1322155837684 3662.420548700411 3225.402869728057 3625.9297412666124 3196.725902951086 3882.323956661978 2722.8722920739465 2318.720816835314 2544.924419802579 3020.4850000623237 2840.1426903092915 2295.4332297568967 3052.9099954375774 2566.368473787591 2497.548110180236 2338.6098414575135 1996.6027214818182 1173.5012987587024 496.2439259722435 1294.3394387640353 1145.941673365947 1313.988163648475 1617.6849710394092 1230.42180335288 1552.606598152742 1857.5431692715367 1869.1239323945365 1846.681316385478 1985.593913250862 1493.1097295424672 1713.1367037407683 1272.4812036141204 1000.1045837938243 997.3787263542995 1246.8625796723657 1719.5708943681739 1091.2163688766186 1046.1494502337487 950.4157358173217 901.3535857963354 1041.5694933917464 1092.312691493435 1136.1757690838456 1013.4324018363455 983.8541504330159 843.0793192080166 890.7827097175663 882.468505303915 732.5332976029239 970.2054959971013 1011.8887979715403 982.9799637497263 1006.2127811484951 1334.3387996175816 1011.4975009224979 958.7391437360768 1122.4616483252764 1362.6834469582977 1100.342819187392 1287.6922970904873 1317.4037376211422 1187.0091789923576 1085.0516750827812 1353.4198578967992 1195.033188954685 1198.1586332681038 1278.0755100519327 1178.7147811382376 1122.6107717401194 1220.280183183712 1074.834681714529 1143.769723151052 697.2416029362226 686.189575864365 907.9574871881587 1151.6352154207627 815.4680260838176 571.3741295782953 613.760518233028 694.7715442176998 642.4718047125205 537.9138788906882 499.0743515230107 521.4135757214286 584.2703454697913 730.8392909040363 823.029487819344 623.6704323708418 767.1211367120286 773.6630980841737 855.2213690194056 741.5872110183162 895.0940710901309 754.8090150856864 636.2920382139183 765.5836095329784 603.1631140547976 514.423169944722 530.5172400847517 575.3598138478966 448.1622897125927 446.5220373928153 402.62877955389206 448.05424449580187 655.915241670911 754.1804553209629 795.6939916147536 798.9733566313981 732.2603479487271 791.8764916430129 809.7725778196267 808.0147959009845 
3886.0733657789897 4160.81149507923 4860.474057292674 5605.9024398270985 4572.671533266295 4628.18509189399 5732.626742064151 7668.550714229776 10429.990030720126 16266.838167709984 35393.94180686761 107776.60444767393 402369.80377058464 119884.99568649998 40269.71094709882 24601.41414629087 17046.939898941142 12650.330519439822 8620.517224100346 7989.358195338681 7156.675418456583 5858.141607863654 6064.349129217692 6136.695411941031 6860.243238924699 5239.276822118794 4442.402471119826 4441.681838531637 4179.365344254177 5015.923286679824 6074.019836521597 5376.910283619375 4468.108170673139 3811.19688719633 3651.454239031421 4107.89239575223 3958.844551280206 4985.466968312193 4754.261570326941 4285.473768704557 4178.957070934316 3716.4432351536734 3214.775502935365 3436.8478018767532 3667.2634306549435 3462.777386628736 3965.4243581533124 2666.97339518579 2260.5106241182325 2596.3541144513224 3308.970711138391 2886.807997110196 2421.9477480047567 3215.886432412745 2648.092830294426 2342.048257327916 2263.250168325544 1959.7135239135378 1023.2626436958417 488.2288204098075 1162.9437794772125 1089.2327223702678 1143.2367488400685 1429.8132777361984 1208.549950084591 1550.1842728761164 2010.3334904375054 1832.658669565577 1758.436455483952 2066.904478076398 1467.2070823264537 1633.880546249733 1109.256143716243 946.3228398514923 891.7788643909668 1078.174703057419 1320.965703258516 1001.160500333531 918.9848261635597 853.2660673170793 919.808768083757 938.0156942340532 976.8600891917519 1035.9567962622907 969.7895726880074 919.0527273939095 771.8790541604253 854.3873336232587 985.9665310025579 932.9499443705423 992.1758911871866 999.7478330976693 998.5358377569726 1004.745986760907 1230.8585569621837 1057.6519919798623 1046.4067585994917 1073.7319026236116 1289.854908295721 1109.192362502226 1284.1500821683644 1319.9370234887203 1238.3653523503344 1130.7106957295664 1355.4530584228794 1185.6031340519648 1094.2606071931245 1209.2008274695265 1220.4534831960448 1197.82777212022 1142.5039524579981 1077.2191440108124 1148.2031139268238 643.2093983364159 674.5376128152886 802.5781946072037 1123.7440494647117 779.6342241417407 584.9454421092684 494.71374365068164 577.0302371547731 586.8109147623531 555.3575383152721 470.2335352128109 523.0506069745072 580.1443349775232 724.1198950089926 856.5111052306162 662.8683017158041 784.8763359844066 833.5527570556015 807.7542326780689 781.9968886059393 862.807073588117 768.5162519982259 695.8180021723041 704.4011974809586 557.4486170046578 510.87787156282155 478.67269430684024 500.02023562298905 421.3177158029138 393.7997963718257 426.94383184713035 415.1883346601631 563.000334157749 673.7595293720727 832.3228197774151 762.3289679119109 725.5647498721398 757.2586801043994 784.6962336379701 645.5636146658304 
3889.350181059593 5837.380996352872 4993.2677282382665 4275.992920056101 2607.217398730844 2932.855661438656 4724.5022219885805 6344.802231428487 5527.552691076239 10456.221648843612 14635.436066051398 35499.73290840696 119884.99568649998 480106.2572619569 87180.79466648362 42397.704003320796 19909.97425181554 10109.28539533292 8073.474358637975 8423.151725994003 6388.528882965528 4507.034674865082 4588.984669043681 5424.002404022806 7343.486665031779 3543.683842196026 3010.7401623682476 3238.5200508988796 2980.300607290673 4566.628784155701 5687.882277789378 4524.332366217219 3153.1683451713543 2542.6984266855147 2488.097132718033 3243.8636952737966 2674.8324143217387 3988.3562933261856 4067.315912994029 4143.682972153422 4714.603122657333 4311.741440069619 3208.6346738672078 2752.496018332486 3778.725681699227 2719.7743845014215 4563.97751253565 2865.1605869328773 2318.2526072459723 2234.0233021771996 2521.8654223376593 2351.9032864427672 2070.8742432936697 3596.8164456624318 2265.9334807269934 2105.0507715859057 2114.511773930564 1725.5050141640388 850.1913930597217 326.82209718748464 960.0393077025967 834.909238433879 1128.0899343306519 1434.2394659836061 837.8552281950199 1234.9183840379828 1686.7288460376271 1544.2953816740799 1852.2568231950854 1878.3872805495675 1231.7903890528023 1707.7687225359236 1056.849297739493 801.9152784195212 851.0254629759588 1248.05917249668 1693.086119550867 739.1238621000913 789.1160961107452 702.1671442979009 689.3697243261935 807.7557158380647 838.9834800399751 854.3389034932503 692.2592367827831 690.9779169289817 534.0818011679507 620.9697603144659 640.9582760186596 652.7133472306512 682.7504456174536 795.5937365877996 748.1422820802459 804.2096360235743 1187.421006663796 765.5362892025923 777.261896896045 829.2515831992855 1183.4962829211495 908.6202196282435 1146.0226107883227 1064.2379988770283 961.3119698796714 869.18597580144 1169.0697104687592 986.937904462294 1000.5907746013453 1188.0242221995525 990.4228016502516 1008.3539785727739 933.1928890376398 884.0338781141811 1019.1180101448257 545.5316174522301 497.2400736647562 761.2690936322645 1223.3380228177962 827.8824073035249 482.835269366839 385.70704705236597 568.5124542639826 504.16635722760657 395.63966177151525 355.54196882805314 381.8787467124535 423.492515153307 665.4378923334232 820.8443696501263 621.3319904888917 704.9724049612687 651.2813569632494 757.6406553590753 736.4809129431763 852.5688944022057 596.1786352401228 512.3801398263563 605.771228168433 467.51732365481223 337.66547916409775 391.7643849664026 440.20580838044043 297.8440571426333 285.90690861316233 284.2495093949896 301.7279338418449 506.3175999623888 584.3946888516115 711.6180111613007 557.1104105779065 483.7915236029169 781.7312127235629 1036.7535586631338 755.7185088196873 
