650389.4506475541 33632.23374445438 21346.479765776126 5024.031428140522 2323.02023019622 1348.3481424625584 1268.6629910934755 1383.976069863816 326.89796910178836 222.4270281843467 792.7237167652081 484.4383605909681 598.1446744620495 768.8696448399759 313.433813527343 318.39659484335215 160.37318308168227 541.9108085390982 1407.8400196652426 1175.2947480389914 1127.29303095751 873.3454912408976 1589.0329699961503 3479.0927599644874 1467.484251705924 1375.3344170819698 629.369891627333 150.20126403250154 528.0634658427035 142.86629973574566 225.6229785885887 77.72801657893564 223.57609191658548 348.3727501984835 1830.1213610618122 807.6798908347173 2301.7125077012593 2588.1574208167067 1668.1481999116938 406.5323864523053 260.5050077829743 139.45337976049038 144.17879312191474 134.31206197104927 0.0 323.3690061715962 305.070037355531 0.0 78.0323779514813 76.82075768225556 163.3604212511016 0.0 303.55807575957016 0.0 0.0 301.33568125822455 446.25369380895324 857.0447583702922 310.40198387999556 448.4515877227362 235.02491799173765 642.6185581290895 1349.3564794812721 3257.6309856624953 2883.051404290579 3332.1990147638257 4897.03685844417 3732.980622952666 1063.5081512410884 237.97991381206842 
33632.23374445438 599687.4541760786 57957.16544707748 9106.1142443974 3205.8320801588234 1785.4233594004518 1355.621787386576 1172.0828004308485 712.307725857721 708.3587132146154 605.3064183553416 365.39543693220463 375.96687981643765 405.0320928542403 525.3611171659504 720.4672814220681 389.7730714968249 376.3048806590262 1281.0053486274653 1027.1968997277795 1184.0921358274345 1085.6927135325984 1743.350856970617 3072.1893732471667 1808.6170514039075 1547.8191270187444 593.3904735129865 465.75486071541144 328.7558653209009 359.1973596747365 554.6599780507164 312.6805790258425 287.3055541644575 890.4839594091453 1928.1757057853258 1292.2542350993972 2631.7128054081363 4004.4295904610644 2278.790078561298 601.9104019803337 727.7411051900267 222.05713362923473 338.3307734517407 112.56337363839843 134.8926870699905 149.0538388870781 204.5368798411131 151.52445714523944 156.9524747608494 64.38143770018577 150.59883566432964 127.34919945888002 139.92218070871115 120.33642832234604 88.90897242173357 580.8453007067443 336.5940369235343 613.7913390163981 663.3561397310989 538.6973649602339 485.854756944461 371.009070787635 753.9065632788987 4014.034928687193 3341.2716631884423 3551.6493796773084 5198.497017093741 4334.133646247744 1069.5575391115958 452.07453605550165 
21346.479765776126 57957.16544707748 429754.12923428166 92730.7672977608 19126.249851379136 8097.456447611291 4399.093922865683 3239.1711453211406 1970.709102323263 1603.1696859477697 1824.9015578641017 740.8478288915906 1111.6055420110029 1010.7724963358959 967.0000087804833 1361.2629931446947 1010.8872924888641 1307.453164454731 3327.1186838563067 2710.5666373440163 3194.0740479450524 3017.6828428788995 4439.487269439401 5378.099536699043 4118.789611645451 3968.8135007472215 2037.9690059401757 1280.3369034302752 1001.1779346453743 1139.9182148407376 1274.1605308299168 971.6236689095416 1672.8969694993068 3483.8116251399438 4591.638756521384 4134.186696385741 4114.672817245235 5006.468765731095 4587.518323977195 2382.3084778254206 2129.3565341083695 851.2054117951558 811.0252950351596 514.399041442722 367.76304527274 328.9671053901412 338.74951111341795 301.4654532342903 392.2466904890655 298.30057062183624 297.61859229491466 276.83904882934456 282.5741810376389 343.70051608942896 403.0770844119205 1332.4007107882626 1459.8545152426823 1777.9549307978984 2010.231601305601 1606.1951803347729 1452.2723713840167 1805.9840603466323 3614.719815649454 5638.70387807802 5244.826541196992 5017.507562324384 5185.31882430719 5039.258083700528 2988.8317803674363 1130.8538473927829 
5024.031428140522 9106.1142443974 92730.7672977608 385816.6994246178 80219.48731316329 24858.135765375315 7887.757826364871 5719.398533969189 3729.4660471039 3165.8322400996 3397.293243677273 1872.0734103973048 2241.5490077604404 1854.6565072600672 1770.5705380698978 2292.3397305730946 2367.4820916012027 3126.0124594260146 4147.1944596395315 4267.008544543248 4006.717400862726 4522.3576785365485 4395.732182711529 3257.258508737179 3948.8604843915223 3816.8892473494498 3481.692083797079 2745.0783353243974 2123.2882062128224 2010.576798444656 2319.518503375521 2444.1237508244476 3191.81749446631 4072.003853873526 3738.8899229831477 4107.0990208473095 3053.282460287276 2273.7882249544496 3246.822362430789 3828.299378659816 2934.607719274354 2123.016868641686 1540.1953650267997 1179.4069835807354 868.8917129310518 818.8284748225171 717.1130462326751 732.5812014722252 702.9762034680055 651.4071321706532 670.4978413392554 613.3984576831359 696.7473545329195 870.8048688080286 1281.37694163815 1814.4127752788597 2108.0417730380295 1967.6274627908094 2246.2418556891494 2552.595528437562 2640.8235755506444 3367.3709069670704 5351.946461434243 2825.9368414062847 3309.9560576245917 2431.133766954638 1787.955995261032 2704.9786755710797 3875.3370947133485 2387.001064759143 
2323.02023019622 3205.8320801588234 19126.249851379136 80219.48731316329 349623.02346661757 139260.73150102413 12243.259512516483 8281.557901956881 5797.439798690746 4832.93614017337 4476.276927009522 2821.9243173900295 3198.9441203383444 2505.214734000765 2433.5201425150094 2804.330847458336 3297.061194625477 4279.990692108942 3626.076057493624 3987.3121622310014 3448.383212950175 4173.496560598665 3321.486343136821 2143.383153271152 2897.2575022815695 2580.3550478339516 3590.453443949216 3609.880807663789 2636.6116605080088 2516.637287583387 2571.3393179105774 3307.316828683756 3630.6039458863843 3233.0748532024136 2391.482260080709 3089.7300190470955 2170.2366314934648 1215.425078565708 2018.1174031280627 3572.260370632808 2740.5014256639797 2582.1526802246767 1804.7767049326171 1664.734016408235 1233.908612225894 1077.547105090261 989.2569322661029 866.1808366197661 879.408005365224 921.6360927218569 857.4440475369322 957.4335287328943 1040.4087379253233 1220.3857970719673 1889.4558991163765 1808.4394289756367 2043.469558610954 1736.0737898686793 1873.2715806726824 2621.4972720671094 2827.538170943663 3369.7715344835356 4014.4147368704503 1488.8492617486293 1720.2124372932417 1206.734646560893 865.4608830800547 1661.9269955229856 3199.705754206132 2669.553191495274 
1348.3481424625584 1785.4233594004518 8097.456447611291 24858.135765375315 139260.73150102413 347996.0708845693 60434.03823418587 28409.610647467794 10594.022186338503 6341.445901802951 6081.446646418819 2964.316560364815 3418.2251685739384 2701.285183557085 2540.9468673115575 3559.9796827347454 3236.2216489149187 3825.9159840334883 4901.120371267917 4408.937431963741 3797.5586185288666 3869.0612845386695 3392.2173916465094 2561.4741391912344 2849.6684907358745 3003.721239388076 3124.4714597783313 2989.9805616620706 2421.2413788545555 2469.5045053209415 2582.405179441522 2443.2525435534085 3012.0991547091353 3290.9281549806965 2459.153077994502 2422.478601948449 1678.8455174315231 1340.4536263152015 1880.5912057124308 2817.699796109658 2678.7497460579016 2216.202375173188 1763.0779844110318 1493.2312551300035 1045.0667293034996 935.7961454032578 918.511176959519 761.5878841868298 843.964601427343 753.0138736161401 678.0829969455273 762.5139171034814 869.5919932877639 980.9080379463629 1535.7665937450552 2178.6169375292757 2230.620041106417 2146.923816879439 2471.00119596065 2551.8481269898452 2537.3482670103695 2812.117569890944 3183.228616733887 1454.9645831884093 1454.3500346280955 1125.5620116063426 829.057393823924 1531.225246434708 2476.6528407480087 1969.4496512581256 
1268.6629910934755 1355.621787386576 4399.093922865683 7887.757826364871 12243.259512516483 60434.03823418587 347378.7817957503 109225.16824739269 28372.59527354813 14535.61819383775 12662.826646032703 5321.221002383738 5931.007891989788 4142.506619264121 3826.291413667306 5587.212247943585 5764.447585232623 6240.405209739867 6712.771342151457 4895.892397015458 4153.7798821492415 4493.793141370247 3463.2397446177342 2885.2294156440466 3173.507588419055 3125.2185311440717 3289.8075491319396 3792.8642216701105 3470.997372918414 3508.5899995532245 3622.447643489793 3481.9610585967034 3732.2110666015265 3528.2086259990974 2343.9823575167006 2038.8282979116677 1642.9342392772905 1279.9436516146272 1627.7958503901007 2727.7383048346396 2950.5309383315052 2943.739149117779 2669.248465823979 2118.711802061037 1777.4613059351154 1490.6479880485695 1311.9005366648012 1098.935553423473 1227.7954866190128 1043.2240492496605 1039.9478502499067 1292.1076379933295 1241.0418490654688 1523.9081126650092 2055.4853334421196 2805.7862519691253 2776.913214156034 2784.882308979476 2803.9426157539283 3036.4155626483775 2889.9763274774314 3137.2094607927575 3094.414986915447 1324.7854291786985 1267.771568039841 963.4786082437057 818.4098148349102 1527.5435796710744 2810.278685880566 2529.0465750878434 
1383.976069863816 1172.0828004308485 3239.1711453211406 5719.398533969189 8281.557901956881 28409.610647467794 109225.16824739269 307960.3361075327 96484.51518156748 25684.08769375617 17549.612157689124 6015.4180704541495 6899.180684667194 4810.357468208358 4340.762697551071 6784.350358818448 5921.024528217121 6200.541552867868 6578.484637087208 4761.849792994142 3922.666898589823 3759.6744374044897 3211.1504516610817 2696.9606477168454 2829.0003016588034 2920.615010819566 2842.448470038874 3589.4572876961342 3472.936992829792 3413.4168561377523 3504.31250432574 3150.414229724884 3087.295412478578 2854.2542181192275 2154.2099777234976 1715.2729247355378 1421.8702089012281 1126.5621337376795 1429.5138953281169 2281.852060137199 2643.7626050014646 2486.9771516064193 2679.775750864994 2223.4891560887895 1805.3881734862302 1528.530391160363 1376.9971247580788 1092.9906764188327 1161.5919573010208 1079.6654332176947 1037.0352097097307 1258.1783475185146 1231.1579780838204 1601.4838589680664 2003.1410393317437 3021.6550853600615 2630.085836693116 2765.0240660969694 2828.270252442622 2765.0017968807497 2732.3947116708687 2794.040263059002 2711.669111015736 1148.420178362471 1122.1423755570313 903.9860559736738 719.6084978732554 1327.5503374131813 2253.232761112561 2219.746449142555 
326.89796910178836 712.307725857721 1970.709102323263 3729.4660471039 5797.439798690746 10594.022186338503 28372.59527354813 96484.51518156748 362759.40845197905 73235.99925260383 31432.909397256746 9731.153465863781 9319.926890541372 5521.573922472353 4968.2673628354405 6848.334369995639 7045.364194066655 6531.25668870894 4486.598205019644 3475.799199600038 2860.6685836175498 3070.597436702643 2217.008710993714 1639.728884871169 1771.3903589768424 1686.3670440791002 2373.869352792201 3548.2170592302987 3333.6582913847233 3360.317831195592 3135.1718271529426 3321.0293405620255 2715.893860640665 2013.5182685257892 1270.916198503785 1263.8981552901532 1046.0434879070824 724.2769243587617 939.1955156390908 1935.648586558103 1850.2821161617603 2685.967999634655 2585.1143223188847 2559.444518948792 2342.4285482152945 1820.6219358034846 1621.5063934375773 1331.6994253671878 1308.7894409296473 1197.730513655652 1265.7772343536071 1508.8447593152994 1619.4458393315517 1930.9086503278882 2315.1681208377668 2248.2526585667356 1994.7595572117327 1903.1277803523885 1862.4936338926939 2232.9396189659096 2245.4809556082714 2455.888926722308 2133.328224766905 702.996973757834 664.2011687593741 509.9773261490061 417.74457282283316 848.8655693272207 1892.6251172665416 2413.634490697167 
222.4270281843467 708.3587132146154 1603.1696859477697 3165.8322400996 4832.93614017337 6341.445901802951 14535.61819383775 25684.08769375617 73235.99925260383 375640.1630576014 102996.92733582461 14012.070238579581 13326.636923331327 7376.240014632634 5968.7651743315455 7661.2942665307555 7644.368362680254 6917.328110976112 4338.301301788289 3589.3212102922057 2838.7382805221105 2784.1570044799137 2027.059028766834 1466.2314968127494 1610.9003526617932 1665.8836431869975 2317.876913146138 3332.8972686414972 3350.278386539991 3234.43610913481 3087.414186867523 3219.6149343501484 2438.8989589967337 1705.0746708166016 1103.8212277145515 1167.2256039158776 969.8421059574316 636.8136166669152 875.4467719640044 1708.7509599180778 1924.7353233104645 2393.9342917262943 2377.719806786816 2330.5026015104104 2350.7603870298585 1911.4502643155681 1635.3372240268288 1318.9284630921084 1258.0204580364111 1278.000032886251 1333.8975836790335 1687.7344339181627 1657.727665948667 1882.2638964836162 2283.7505858361865 1977.373374256946 1875.7089301481724 1744.511606907788 1707.5753389420026 1969.042989484262 2027.3580695604269 2133.5463034054487 1859.225420537312 585.8850728197215 599.7834423373185 425.7355803666923 332.8895041554387 692.2212839260798 1609.7185516987986 1901.116015840714 
792.7237167652081 605.3064183553416 1824.9015578641017 3397.293243677273 4476.276927009522 6081.446646418819 12662.826646032703 17549.612157689124 31432.909397256746 102996.92733582461 354772.1537236522 38925.95026201831 27064.698499270704 11339.900314480441 8844.968107896662 11836.468713046877 10471.24101158729 8609.463833410235 5880.983609930265 4374.155437925359 3399.1824672702337 3455.79025546287 2443.987112442937 1852.5928484221058 2091.206998510692 2105.9888623420393 2731.0825117355985 3904.4784729217617 3792.354461641507 3775.642388376745 3692.7118485728884 3636.3747762608073 2918.261088036564 2136.4838182265426 1393.4261040178285 1365.62201199642 1179.371611866774 794.54516353835 997.020149111018 1870.8422039178554 2172.1563577620436 2810.241652680019 2794.4245919518685 2660.4696966410684 2661.825447129469 2330.9894845905137 2061.2148634766445 1613.7924544123198 1688.7193144659088 1618.4910115292573 1719.8321435878488 2049.504156155532 1889.6629920718785 2120.3459714465184 2493.616860007336 2397.5312934829917 2247.734417713932 2062.049159745844 2027.1018073691232 2301.6214237926965 2226.9736869229955 2257.855025313272 1879.9838883440398 610.8440850768696 601.9077584799844 490.54242527528766 380.5339973768044 748.7521877081008 1700.225543678049 2201.4521449413555 
484.4383605909681 365.39543693220463 740.8478288915906 1872.0734103973048 2821.9243173900295 2964.316560364815 5321.221002383738 6015.4180704541495 9731.153465863781 14012.070238579581 38925.95026201831 487021.40675124474 81900.15276845357 13600.42971148141 10330.683740273995 9549.605321342073 9182.16712114252 6683.219741303697 3189.4541530009865 2806.62911861607 1928.4679833749167 2117.2334928323826 1441.2787330997917 778.2987591138638 1151.3633446475033 1028.2870326276643 1922.3581083850847 2389.848499311448 2131.201493424658 2108.0954497359967 2019.3906117183346 2342.8454068522115 1711.4761065182433 978.7056904759394 597.9702285010899 814.8332501993827 656.1313497253108 425.147927310415 508.06207674643804 1231.045633978075 1015.3229050988268 1864.8989413747481 1574.77631830273 1800.8464570085207 1810.7810871999638 1559.3833569232281 1393.7117524105718 1187.9824413937488 1062.6428842502971 1105.3079748418947 1155.2104514597675 1603.852209101541 1548.863872656923 1477.2741384450624 2042.6271084066216 1300.170724460279 1169.0680991291406 957.3722383669484 926.3642175015013 1161.7433120531657 1198.4970996523218 1417.2834250121455 1112.7124456438942 335.9615346478611 308.55388181671856 206.38508599560703 146.43297557206262 312.3639096038204 1048.670793000648 1480.1616663197406 
598.1446744620495 375.96687981643765 1111.6055420110029 2241.5490077604404 3198.9441203383444 3418.2251685739384 5931.007891989788 6899.180684667194 9319.926890541372 13326.636923331327 27064.698499270704 81900.15276845357 333381.3929387522 89729.57275566326 44926.992747255834 27335.01199097744 15407.371490750516 10478.830106278474 4595.508508350734 3697.630868615075 2914.6716721714947 2727.435845017205 1903.6742977293484 1273.6644166319693 1600.7091596063412 1466.0357896401742 2456.8827849560284 3436.905769611703 3303.963981312626 2894.687510146654 2697.366407809805 3052.3415415471372 2198.555186407517 1288.4223578393655 830.6150562313284 1138.594560600028 953.1546851737439 572.2681703667884 704.8261476737267 1513.4044070320567 1601.7655961188752 2273.991843458745 2183.5598822438615 2388.9962386841385 2380.4826190982044 2174.3723450399675 1912.045256381688 1608.8464269598705 1561.6598425553232 1770.6799121252159 1711.454180881514 1944.1799314897996 1956.6937500808533 2149.8571094449258 2574.474691206054 1593.946991816077 1552.774227955144 1305.849822690518 1245.2643906209892 1541.0378459018418 1594.0927762024444 1664.2996338606436 1423.3004080010212 382.46952358068336 449.51722517853773 305.60815360993314 241.43869159889712 461.4401078702955 1238.3081188695035 1719.5729132809063 
768.8696448399759 405.0320928542403 1010.7724963358959 1854.6565072600672 2505.214734000765 2701.285183557085 4142.506619264121 4810.357468208358 5521.573922472353 7376.240014632634 11339.900314480441 13600.42971148141 89729.57275566326 394677.43378442543 97490.29107447744 29495.48408292798 13961.69787024984 9089.410467028507 4817.853019036084 3671.549632013297 2834.660420455858 2562.5681183848837 1789.8728107653237 1361.8909922307957 1529.3178688995129 1561.073650707338 2119.370371356206 2749.235449721247 2411.8849547229584 2364.3670623467005 2197.985902032127 2165.5277182662567 1747.4052712332593 1270.5996679844104 931.0750735581074 1152.7945564332979 1067.4692919372949 670.0268972224413 740.1597830553353 1344.50664337923 1458.4432329055287 1873.9804119530284 1784.1302049279086 1890.1784037955533 1688.7178254815872 1692.7477162076789 1386.2900016819017 1239.698572421439 1403.5044438021334 1340.2484669532266 1292.7693522284112 1272.4643953631712 1520.3731636045104 1557.6026576246884 1981.2446661749334 1531.9646302866126 1315.2999536805396 1231.9106132984546 1185.0825667183044 1287.3691396544982 1353.1021710582274 1291.0513567159262 1256.6870864230216 406.7262406380043 451.1411860663904 341.80302802674765 228.3601336557048 374.3524531133666 884.9510781584917 1124.5520134530184 
313.433813527343 525.3611171659504 967.0000087804833 1770.5705380698978 2433.5201425150094 2540.9468673115575 3826.291413667306 4340.762697551071 4968.2673628354405 5968.7651743315455 8844.968107896662 10330.683740273995 44926.992747255834 97490.29107447744 362997.417059506 99747.0503811634 24220.39789719035 11895.585661922083 5793.316147077663 4096.71238220138 3054.6344267311256 2808.1298800291534 1955.8251399285662 1345.396853710899 1561.2399822780553 1508.6211279921333 2241.644984731792 2704.6491285544594 2388.7212305524645 2361.424781512626 2223.8688213617706 2141.7063056824395 1774.9396825412255 1311.825435453108 952.4191726487059 1190.775316651598 988.68463242838 581.7109814592638 801.9597031164968 1455.6315181117448 1450.5311596919605 2004.9427221002065 1878.5736635994942 2029.8961284818704 1594.1490660951592 1540.8584246270584 1336.1957875003372 1308.088590136787 1290.232324587118 1247.5787197401185 1129.4648857908176 1237.3234558857305 1488.5722143430016 1523.1417363756805 1912.8713383530628 1412.8339471264612 1482.461631841745 1264.4370970816049 1145.1150784973993 1317.0859861925737 1363.662014738383 1322.922107023692 1235.257239102266 360.95158594222437 447.78114191923663 341.5712040704547 291.1607952415927 446.47792989648053 989.6387964513258 1300.8518253761893 
318.39659484335215 720.4672814220681 1361.2629931446947 2292.3397305730946 2804.330847458336 3559.9796827347454 5587.212247943585 6784.350358818448 6848.334369995639 7661.2942665307555 11836.468713046877 9549.605321342073 27335.01199097744 29495.48408292798 99747.0503811634 322087.9296300945 84755.25227915161 23805.388448183912 14362.656799409575 7371.8554445495365 5537.675275857598 4710.503736438362 3451.7513865070746 2994.0477044822937 2822.3533806598953 3029.9808088071877 2784.8785524842788 3458.5333696094303 3375.1168510004773 3511.522714881664 3271.3841058250514 2594.108297978796 2227.440135661161 2340.560182201411 1706.4082395301489 1412.3607715426524 1295.6162961103362 1086.7917699112015 1142.823560741994 1808.4007242256057 2330.6247211337172 2210.7572102430568 2656.3855993562383 2263.682062637629 1904.719302720007 1622.918161143348 1480.1898943627111 1264.000307851795 1597.0318526975848 1173.6522877976336 1213.1259130308554 1325.9663668921437 1325.3065970082882 1584.884629579528 1808.0357405650527 2570.5408114979273 2173.3370241294747 2278.5006276523764 2116.69770688927 2081.717980438543 1917.003621599644 1762.8008850794063 1530.7890235339594 762.7073431938534 620.7095535947673 582.8862442021558 464.78286611714725 798.1594107324842 1253.0668709092429 1311.4103432188974 
160.37318308168227 389.7730714968249 1010.8872924888641 2367.4820916012027 3297.061194625477 3236.2216489149187 5764.447585232623 5921.024528217121 7045.364194066655 7644.368362680254 10471.24101158729 9182.16712114252 15407.371490750516 13961.69787024984 24220.39789719035 84755.25227915161 342923.4502421588 102943.92847158754 15272.791212488457 7913.690232512296 5353.833920386034 5116.38669786842 3265.444422073478 1994.372241177107 2437.013475476377 2195.044978427309 3515.678231134188 4692.989625183367 4115.175855317461 3823.8767155565583 3435.8548799131663 3936.544284620208 2920.15157819677 1767.3658152406285 1083.7183723790683 1344.4968551237173 1177.518220167871 674.8842996756284 912.4997381828156 1974.8677018605254 1892.9525852402442 2927.6792946832225 2456.2628476075415 2636.844632777892 2433.4456795725773 2041.511118604404 1975.4826059944448 1584.407671870386 1436.0893403626446 1549.1160489970769 1598.8312098294302 1913.3745111417572 1919.078168162226 2059.7467813906314 2579.262452949108 1978.3657855357967 1778.221759541807 1535.0264319515484 1483.8997440563946 1937.699460705884 1868.5044833460486 2075.3646009621007 1727.1366200734299 509.16298922875586 457.2734366618808 394.09916564379034 294.4066403311028 547.6402442231293 1533.4707739963742 1908.5454913517642 
541.9108085390982 376.3048806590262 1307.453164454731 3126.0124594260146 4279.990692108942 3825.9159840334883 6240.405209739867 6200.541552867868 6531.25668870894 6917.328110976112 8609.463833410235 6683.219741303697 10478.830106278474 9089.410467028507 11895.585661922083 23805.388448183912 102943.92847158754 370554.98616894596 42259.41005068217 14311.12787103573 8679.47699235102 7962.308636812333 4906.305634189832 2522.6549073884357 3599.7145139573695 3195.28385964827 5051.685895335495 6196.27755965369 4890.4712606463 4328.750901538795 3818.657463505959 4425.824362194533 3944.113325127865 2592.0893086559345 1543.567581005076 1951.166529424934 1550.7248809874811 835.338969037344 1263.5936602306615 2516.900929708971 2382.31631998225 3259.504782543036 2501.251112753184 2629.1363017703407 2257.678207819675 1923.9333766763239 1733.1399204332663 1508.6526221058032 1465.0449058769616 1615.0631374643144 1591.1083633274834 1763.1003420235165 1876.5416669230253 2030.5237196508183 2838.6056217658215 2164.560486102979 2146.17955881329 1703.4112681369868 1766.0361290361675 2221.979298359964 2313.215979665762 2413.4906329752553 2187.4892085766733 593.0356381613816 677.416575427143 481.815757774227 350.44078891986277 693.750212614271 1802.7586752782465 2013.0114113899135 
1407.8400196652426 1281.0053486274653 3327.1186838563067 4147.1944596395315 3626.076057493624 4901.120371267917 6712.771342151457 6578.484637087208 4486.598205019644 4338.301301788289 5880.983609930265 3189.4541530009865 4595.508508350734 4817.853019036084 5793.316147077663 14362.656799409575 15272.791212488457 42259.41005068217 342719.24598809134 74727.97550350154 30116.827392678286 21048.23696333047 13017.019293991736 12093.546429347503 10359.20550180525 11079.537524259113 6560.790284949835 4796.045343622506 4229.898449664164 4181.854312282231 4538.361166329408 2842.286540635378 3661.006011479439 5479.63218050323 5308.329738604631 3251.6116825526537 2907.992326891437 3243.6395291760405 3173.612614397299 3024.1501587084485 4184.937529443472 2393.638589416604 2827.8339927214074 1652.424459680927 1163.270189215144 1045.7022517488788 934.4300030901312 878.2673073194362 1296.2856343757437 787.1315844746496 770.4441852234922 707.8183292809209 767.6631176692224 1042.2738827674675 1366.7430944489568 3691.9666580187604 3521.7724319422537 3862.532737449593 4018.4628279038197 3137.1923003774464 2836.25985955425 2545.5869629567205 2857.8018978125538 2168.949806123153 1995.7198515932496 1701.2436913992833 1488.694158504802 2420.277817233666 2085.384117477772 1287.81019025634 
1175.2947480389914 1027.1968997277795 2710.5666373440163 4267.008544543248 3987.3121622310014 4408.937431963741 4895.892397015458 4761.849792994142 3475.799199600038 3589.3212102922057 4374.155437925359 2806.62911861607 3697.630868615075 3671.549632013297 4096.71238220138 7371.8554445495365 7913.690232512296 14311.12787103573 74727.97550350154 292002.2855489117 121582.0236530392 43193.66138379299 16586.020132003803 10822.82481193259 10377.282767705094 9286.383287245588 7565.596392017311 5900.060834912116 4116.998017723866 4057.92798333668 4098.05944348441 3395.1050104787546 3921.630331283424 4884.130415066592 3994.8058204420427 3250.824868554242 2676.0045286239933 2233.1987511660723 2695.9509165092586 3211.0662284587797 3314.5659522131245 2523.628520567042 2310.8796518756044 1632.8859906673536 1152.2095173005966 1115.249379485617 919.8120045986664 901.9410110356673 1131.399212359271 897.5899854092469 848.3278770604948 793.7073749093445 894.9961967468811 1086.9145661561056 1656.7744270926714 2751.250845019175 2670.2299560647093 2788.726727152142 2971.4923500958353 2614.4604891521017 2494.190443035564 2416.197291685569 2767.7653695158883 1671.8127385304495 1591.1111894458402 1259.5509144949651 1104.155181557105 1785.1978714297682 2172.12128479235 1459.1212234998259 
1127.29303095751 1184.0921358274345 3194.0740479450524 4006.717400862726 3448.383212950175 3797.5586185288666 4153.7798821492415 3922.666898589823 2860.6685836175498 2838.7382805221105 3399.1824672702337 1928.4679833749167 2914.6716721714947 2834.660420455858 3054.6344267311256 5537.675275857598 5353.833920386034 8679.47699235102 30116.827392678286 121582.0236530392 286408.2603865621 92149.98881547531 24030.97164853815 17600.478933308576 14067.03491972391 12137.566130109662 7749.528970252712 5393.570565583091 3830.6248820585856 3612.5403023386843 3816.4962152753924 2870.4925968510133 3704.9721392850497 5148.99474237213 5094.531092576118 3511.5204247447077 3058.113152076336 3002.5700495985434 3276.8236738965347 2887.1020527592755 3253.029070174245 2066.0619658583482 2097.703158567603 1492.4183440605334 976.6421236327182 900.0407943953236 843.3100388473162 793.0791488499779 995.0453328059521 714.2533390028807 700.8803248330225 660.1977722563233 704.7707039325234 901.1058212680827 1352.299733860348 2614.3357345160857 2593.1971421364747 2685.225844095966 2998.115022460032 2442.7916771978316 2276.231189128462 2167.6666426281176 2656.061206757303 2070.4177972446487 1939.7401165246 1710.375977487731 1561.3600279835027 2225.1245498454423 1991.68198825977 1198.5222654415393 
873.3454912408976 1085.6927135325984 3017.6828428788995 4522.3576785365485 4173.496560598665 3869.0612845386695 4493.793141370247 3759.6744374044897 3070.597436702643 2784.1570044799137 3455.79025546287 2117.2334928323826 2727.435845017205 2562.5681183848837 2808.1298800291534 4710.503736438362 5116.38669786842 7962.308636812333 21048.23696333047 43193.66138379299 92149.98881547531 281083.8923478299 83715.08633249537 24077.024042012752 23480.765438032526 14790.067239403556 11935.229684579419 8268.467385871458 4859.397942673441 4583.411368205812 4411.862002204343 3906.45596231542 4708.915956874714 5568.062264974357 4824.509512834577 3582.862646213102 3019.4405493882987 2782.0702761062967 3132.9516123659855 3429.483513262003 3216.943067132913 2528.1307648855286 2156.5532382371093 1617.6319079600933 1163.5756749636246 1066.3386205988834 928.1798254531188 886.5212005632807 928.317736880665 820.1699065287871 811.9099414463476 810.3661577722862 834.9734880891303 1025.3518875696352 1621.2336939084603 2565.822530978941 2570.7351416483352 2633.181196935334 2907.485876676359 2554.3077942450414 2383.143233303814 2591.1290935523984 3211.647004702633 1883.6938220425388 1916.5875638156936 1568.2704435286375 1354.286945143612 2192.183341692192 2565.471580791374 1672.1528256137829 
1589.0329699961503 1743.350856970617 4439.487269439401 4395.732182711529 3321.486343136821 3392.2173916465094 3463.2397446177342 3211.1504516610817 2217.008710993714 2027.059028766834 2443.987112442937 1441.2787330997917 1903.6742977293484 1789.8728107653237 1955.8251399285662 3451.7513865070746 3265.444422073478 4906.305634189832 13017.019293991736 16586.020132003803 24030.97164853815 83715.08633249537 264933.59137292474 94536.75686180034 62221.46383587832 30027.27632060204 14868.087541746241 7531.7513717790725 4117.857525118226 3939.5353720557723 4016.5872197923845 2982.7556781784447 4250.885323062754 6479.709518905736 6942.352184492891 4201.177005423108 3947.439392280558 4533.849980815579 4363.955270039134 3279.0792954004733 3174.501641685637 1857.566247600096 1840.7399395593377 1219.1276899646857 857.6853453024116 812.6981672540322 692.6652642221903 670.7549221352012 830.8824889212053 592.6354377102116 592.6062755383823 604.3711198486001 604.4646816377424 751.9602275668799 1122.4899437653921 2570.024176842296 2552.8598621346296 2885.752109512935 3038.618333277415 2422.649088233713 2088.70997446496 2193.641272848221 3132.5959094738646 3100.138503216541 2850.574966610507 2659.7361519383553 2545.391731816505 3140.3388369290624 2534.9811385526773 1335.7279333496372 
3479.0927599644874 3072.1893732471667 5378.099536699043 3257.258508737179 2143.383153271152 2561.4741391912344 2885.2294156440466 2696.9606477168454 1639.728884871169 1466.2314968127494 1852.5928484221058 778.2987591138638 1273.6644166319693 1361.8909922307957 1345.396853710899 2994.0477044822937 1994.372241177107 2522.6549073884357 12093.546429347503 10822.82481193259 17600.478933308576 24077.024042012752 94536.75686180034 317693.6141394291 86893.60391645771 34518.870509621425 9959.97893422697 4751.663049968532 3309.356382335576 3353.5767235567446 3596.266151604576 1938.9430395576098 3241.9163957908554 6494.179398347729 8723.558995245947 4207.130037545607 5213.1965691280975 7932.928934750321 5907.3559562786195 2421.4190962784096 2903.0678735167494 1171.5373320218832 1551.6187806406574 834.316788624661 624.4956203320464 625.6108562517948 531.2811609450364 463.0881315460672 784.7389530974154 404.17774366595523 442.7673976844788 370.85464920988636 375.07952956427283 454.91682266247903 604.0673241689335 2706.116296503389 2594.159544245461 3348.2003087271423 3537.476591640445 2172.4469409863923 1818.7783909914353 1627.0203323059382 2468.510622371425 5062.024966245413 4033.8539338101837 4480.645015557627 5417.7199061260035 4743.434452090625 2171.6587261486548 832.778164627308 
1467.484251705924 1808.6170514039075 4118.789611645451 3948.8604843915223 2897.2575022815695 2849.6684907358745 3173.507588419055 2829.0003016588034 1771.3903589768424 1610.9003526617932 2091.206998510692 1151.3633446475033 1600.7091596063412 1529.3178688995129 1561.2399822780553 2822.3533806598953 2437.013475476377 3599.7145139573695 10359.20550180525 10377.282767705094 14067.03491972391 23480.765438032526 62221.46383587832 86893.60391645771 275307.87797066604 84155.39120271998 35667.10341761822 12602.153620766901 5502.065877291663 4984.521956829244 4777.815353917743 3247.66800256523 4644.281030415121 7444.183095651845 7557.65002595142 4410.844725972402 4113.624079861308 4798.80774450144 4512.038557087908 3268.8648431407105 3370.340086611464 1721.5662335669804 1686.3649046853157 1117.6858263620923 778.5949186699386 800.8253204354925 635.616144358828 573.4659772778642 850.8738322413066 582.7215223998772 616.5256032445249 591.490293386457 559.5619486546335 679.7389002297556 956.742081517621 2586.532210297898 2510.945341241575 2737.2997744783397 2908.3275579887804 2392.7639715160453 1988.0280000722635 1974.0557026144595 2888.0877108842215 3162.4285434875305 2780.9362096411696 2641.475092010241 2534.208181412182 3241.9382676685213 2333.033233831546 1142.098997117519 
1375.3344170819698 1547.8191270187444 3968.8135007472215 3816.8892473494498 2580.3550478339516 3003.721239388076 3125.2185311440717 2920.615010819566 1686.3670440791002 1665.8836431869975 2105.9888623420393 1028.2870326276643 1466.0357896401742 1561.073650707338 1508.6211279921333 3029.9808088071877 2195.044978427309 3195.28385964827 11079.537524259113 9286.383287245588 12137.566130109662 14790.067239403556 30027.27632060204 34518.870509621425 84155.39120271998 312536.373489734 74366.07123595364 20227.65619652696 7928.148993398909 6540.73898546987 6136.742654278275 3565.7359896597245 5385.878212788772 9176.588513824378 9392.78166948707 4936.296173154611 4589.24450127936 5574.281376789551 5050.778367276781 3224.649747715263 4185.711014300346 1722.5940290458605 1908.9074241707394 1144.1972708878945 757.2613820452013 787.403166551546 685.4533678827312 657.5611923349709 945.0581106052111 569.3557748869594 605.371529997061 532.9000105288663 502.11403081940335 709.008597603257 902.6763669676767 2828.0472410876064 2773.06427565781 3076.425819116994 3332.9171393390825 2439.7084339764006 2138.9792917638597 1960.6580839913297 2833.328209201184 3066.4250358493277 2556.637412142416 2386.191669685266 2211.901653120262 3132.2753571021535 2131.609384324924 1036.1950569972312 
629.369891627333 593.3904735129865 2037.9690059401757 3481.692083797079 3590.453443949216 3124.4714597783313 3289.8075491319396 2842.448470038874 2373.869352792201 2317.876913146138 2731.0825117355985 1922.3581083850847 2456.8827849560284 2119.370371356206 2241.644984731792 2784.8785524842788 3515.678231134188 5051.685895335495 6560.790284949835 7565.596392017311 7749.528970252712 11935.229684579419 14868.087541746241 9959.97893422697 35667.10341761822 74366.07123595364 340018.4376873463 87699.4889717597 13870.601670256778 10047.07956797721 7715.842821595075 6876.751679921728 7015.398240266017 6534.805339337802 4595.805926219572 4293.717335321409 3093.793917533067 2170.8823321246327 2797.673264585708 3975.245382733636 3551.449148177788 3198.990340609319 2371.3200042010126 1983.0209918922228 1473.2367473743511 1359.492812050175 1197.5773778627356 1114.060147179932 1257.2308614017288 1115.423588939775 1087.5371097355708 1109.2246291979227 1264.1242590571167 1346.912311008929 2023.0373666385753 2263.047776883239 2300.2223489975295 1995.0305263901544 2229.6673793347945 2333.6471432310327 2210.8779759040167 2378.7495295766016 2717.33290359949 1227.3289389505055 1467.6539883630505 1119.1521795706278 823.6085099278088 1457.621866820263 2413.4340502450877 1822.8700221386844 
150.20126403250154 465.75486071541144 1280.3369034302752 2745.0783353243974 3609.880807663789 2989.9805616620706 3792.8642216701105 3589.4572876961342 3548.2170592302987 3332.8972686414972 3904.4784729217617 2389.848499311448 3436.905769611703 2749.235449721247 2704.6491285544594 3458.5333696094303 4692.989625183367 6196.27755965369 4796.045343622506 5900.060834912116 5393.570565583091 8268.467385871458 7531.7513717790725 4751.663049968532 12602.153620766901 20227.65619652696 87699.4889717597 316678.92163303075 79262.97505817484 34911.68177958469 15910.061918007064 14273.305569970194 10034.571491730589 5892.224284865354 3276.698149086955 3527.4100808457956 2620.5650824588565 1510.5060485071035 2037.8775622366018 3976.4747191433617 3395.916794831878 4257.155682185871 3154.1485654640314 3071.6908864640745 2661.862437398259 2258.6290011307856 1962.7684796959659 1684.6878812213392 1564.37077601864 1663.487123220618 1703.1079293433747 2088.0735765570657 2092.2495040465496 2101.4074185225204 2943.710698761417 2318.1502900761325 2305.6147071541677 1875.7299672803897 2004.6539364611249 2409.4544582016797 2449.818277456914 2880.7214877995525 2626.5500258250463 831.4140759192877 960.2550061288377 712.238591867787 545.9300647065054 886.4663999569335 2309.668726895014 2428.0974541584164 
528.0634658427035 328.7558653209009 1001.1779346453743 2123.2882062128224 2636.6116605080088 2421.2413788545555 3470.997372918414 3472.936992829792 3333.6582913847233 3350.278386539991 3792.354461641507 2131.201493424658 3303.963981312626 2411.8849547229584 2388.7212305524645 3375.1168510004773 4115.175855317461 4890.4712606463 4229.898449664164 4116.998017723866 3830.6248820585856 4859.397942673441 4117.857525118226 3309.356382335576 5502.065877291663 7928.148993398909 13870.601670256778 79262.97505817484 367253.21730986214 91163.5201617683 25751.54666550153 16533.128510920164 8916.0384351372 5605.307158338084 3301.8538891270823 3062.908321332165 2400.1924541969247 1487.9805073159584 1724.1911655484791 3156.5977228274055 3457.54656286717 3745.6229540522113 3268.1224642203256 2892.174971441162 2617.172318189338 2296.0882452459323 1944.9669803973738 1608.8484298502276 1751.756087591169 1655.8755845002604 1752.606387143988 1863.01367033433 1793.011843303406 2182.1552030219937 2587.6150666067333 2375.3702011810738 2158.644231684423 2009.0206932372757 1921.4278365401365 2179.869771145281 2235.3154751005122 2399.3070786638605 2201.8829680737595 782.348436389809 751.7133212188985 551.4809034016271 491.6509150705565 941.0715911679155 1668.7618452103131 1933.8967983644382 
142.86629973574566 359.1973596747365 1139.9182148407376 2010.576798444656 2516.637287583387 2469.5045053209415 3508.5899995532245 3413.4168561377523 3360.317831195592 3234.43610913481 3775.642388376745 2108.0954497359967 2894.687510146654 2364.3670623467005 2361.424781512626 3511.522714881664 3823.8767155565583 4328.750901538795 4181.854312282231 4057.92798333668 3612.5403023386843 4583.411368205812 3939.5353720557723 3353.5767235567446 4984.521956829244 6540.73898546987 10047.07956797721 34911.68177958469 91163.5201617683 333242.77967983345 86413.9961248908 28724.608528819695 11775.832126041421 7793.9435238783635 4369.114633846684 3351.3614216372816 2653.842187926459 1714.223926717804 2083.0259003395445 3743.8131891937232 4337.253955484415 4499.178586445718 4097.903841930808 3391.7640705419435 2800.7705573595126 2417.0805532617505 2141.7197130559307 1796.9761793861278 1790.8881821271455 1694.0803335248634 1616.5648372415849 1887.2695303321452 1842.7791228155163 2123.9683258384566 2612.9801090998894 2670.822494304024 2473.2924087923607 2258.718388830486 2262.472741596006 2497.0485974271974 2319.668730812059 2434.8571889923905 2171.680974160945 804.4473029932782 884.4470687740856 690.6885441655689 537.1758475020112 927.7761363713923 1821.7341641783933 2067.9241103744907 
225.6229785885887 554.6599780507164 1274.1605308299168 2319.518503375521 2571.3393179105774 2582.405179441522 3622.447643489793 3504.31250432574 3135.1718271529426 3087.414186867523 3692.7118485728884 2019.3906117183346 2697.366407809805 2197.985902032127 2223.8688213617706 3271.3841058250514 3435.8548799131663 3818.657463505959 4538.361166329408 4098.05944348441 3816.4962152753924 4411.862002204343 4016.5872197923845 3596.266151604576 4777.815353917743 6136.742654278275 7715.842821595075 15910.061918007064 25751.54666550153 86413.9961248908 334970.0312741688 88465.49031735343 20377.216807599267 12598.34266801978 6717.141848836942 4831.760960467745 3595.567591301164 2610.905186066984 3009.9491454127187 4580.162584840473 5175.228220142281 4893.042737768761 4591.826235169062 3600.9125556282706 2625.0985003885203 2381.354932522609 2087.429076037107 1712.0322825705757 1971.1850846275142 1676.7130079141712 1680.6756260592826 1740.8894145706965 1776.8220605499205 2061.048199285697 2428.9953431282797 2944.6025933466112 2792.346738485621 2589.791122919401 2689.895789107994 2823.160463132 2443.9425386099774 2563.51443008571 2373.619587494751 1099.6048094228547 1166.6623857505217 999.2980381162357 797.328824439278 1293.492471390248 2114.5138799500824 2066.8241195060336 
