1246269.703538413 70541.74057305862 8395.514735798568 4224.213169606223 2064.0269906002773 1724.58765497285 1417.144744208431 1911.4654126094053 1247.8795945842426 3784.078883346772 3627.822786328074 7778.88150817498 5405.877991261811 1660.9369114835354 1119.534267457033 1286.2402612173678 1714.0222933070147 4996.266699096035 10266.215965500893 4242.365247277847 1324.1992919865281 688.9783454928646 473.6105811743246 569.6385493155101 346.245911669197 428.415108840959 442.48539683653075 999.3249939298968 1641.4850304628058 1856.0112698871242 1399.753809008104 7205.716607593967 11429.825215763816 15486.621925530348 2273.0638532085495 
70541.74057305862 878286.4295722363 171283.3497913747 22282.07086933369 10723.512909875964 8878.95484856313 6724.039954919622 6677.906296766059 8528.980609001997 14332.536066474375 14609.941364345837 15825.331803985513 14858.192304714146 9962.426719116891 6590.680461892677 7432.371443483939 12230.93008457492 15195.387051882886 12346.036435903641 13177.324225120507 7967.550086279414 4286.564235758394 2617.104655323034 2270.45804500927 2158.4848394045644 2006.4821319809612 2406.368356184567 4962.046289299799 7240.672797506862 8316.793152429374 9700.052600397636 15862.184654023766 13914.22550220848 12081.565905261745 9886.114800792619 
8395.514735798568 171283.3497913747 850807.4967791213 88936.53093368208 24600.309002249607 16281.043140681964 11825.842460085569 10934.519078367233 14539.542811405057 15983.717270110024 14836.417979460546 11211.285546022425 10991.766743129714 13275.862190209424 9856.574412954687 10792.913575109875 12993.25660620075 10257.294670011113 6485.461611826885 10520.730885676934 9871.804483540021 6632.978635340026 4329.1486478854 3518.3965308794322 3375.469100513651 3304.98873712733 4148.730406687022 7139.711854309031 7880.5608428790665 9143.351841690363 11493.445888932998 10249.683662634216 5635.98667001285 4955.691968036655 9917.470680334136 
4224.213169606223 22282.07086933369 88936.53093368208 773924.9598096593 164653.8608477569 47163.634545055065 22839.01930976624 20765.021401407925 24275.349634301292 22464.170257940787 16185.129691916103 12352.086985573991 12029.598875514492 13503.827149119441 13835.43539100841 13662.424832678853 13143.639365763236 8093.062956989496 5516.025869468172 8216.150395961364 10796.892921815646 9691.750264931277 6689.286871608465 4904.246636041968 4513.280939567619 4671.397585317156 5628.730659460868 9767.326280557576 11033.44312997931 11388.199654203569 11499.23839209067 8332.916829946953 4375.002856405182 4503.91079223907 9312.039076410545 
2064.0269906002773 10723.512909875964 24600.309002249607 164653.8608477569 755657.7761347088 186038.1327793078 36144.25282002849 24546.260726847664 27062.85060091235 14968.41170148619 10998.345821755576 7145.533824777526 6457.3864911957635 11124.222531878544 12691.791109795491 12143.121260747594 8586.669484339045 4568.181790935041 3294.3178715634526 5396.368054376051 8480.089373071858 9468.045406474255 8182.6333312996885 5681.630494824893 4832.7757063694535 5603.501184044607 6831.744865005877 8341.214008223797 7264.912396871703 7433.862727200773 8471.893643951178 5152.519285754551 2171.8000172660636 2264.723691891475 7192.238776786929 
1724.58765497285 8878.95484856313 16281.043140681964 47163.634545055065 186038.1327793078 795127.224786868 109861.3760928723 37832.59615957246 33521.02715963076 16410.99057086978 11122.452426227823 6965.868675500723 6714.700306365476 11059.920131175282 12222.244043722761 11908.658374554007 8196.982689252878 4365.898302045067 3241.097926213485 4849.180165373522 8111.809116750993 9009.659786478114 8458.912903059474 6225.790316045366 5510.35833063198 6479.516486562288 6917.965142580547 8099.282961886621 6895.7370900579845 6826.221655663363 7284.695093509309 4130.084483261703 1771.255666686645 1794.5871274671579 6231.295492721824 
1417.144744208431 6724.039954919622 11825.842460085569 22839.01930976624 36144.25282002849 109861.3760928723 822898.9808084362 190339.05616171242 49354.854921683625 16386.628405637595 10958.514877697327 6407.940824934688 6138.453743385879 10938.157085159437 11161.066875290697 10260.3606210087 6660.639968471066 4023.7315816488335 3281.0878180173413 4445.840772985094 7283.710134354425 8419.601150051685 8204.890751098616 6324.084875565852 6168.415933736645 6448.927541836705 7400.051753381107 7664.9472252412515 5492.904941483987 5285.765587123251 5970.120479502622 3554.1835653218923 1581.1330089674882 1355.0603962080977 4930.887870855477 
1911.4654126094053 6677.906296766059 10934.519078367233 20765.021401407925 24546.260726847664 37832.59615957246 190339.05616171242 787744.5006347474 142710.9475264477 30364.932367714337 15855.709561938851 9768.583334595418 8841.089219196901 11126.249812233895 11529.440097198063 10104.808494330327 7602.097532829925 5170.505463871627 3979.12568963838 5291.117910592601 7857.6877835788 8785.878962886532 6691.2391256299325 5391.552008639269 5275.252770161724 4912.183825554466 5925.7879738485135 7547.944758101044 7200.325520133364 6586.490441643361 6284.537139833982 3902.5150614941335 2034.3288575829333 2033.6769058477748 4621.522117713045 
1247.8795945842426 8528.980609001997 14539.542811405057 24275.349634301292 27062.85060091235 33521.02715963076 49354.854921683625 142710.9475264477 813950.7017265726 75881.92364201747 26762.35040117079 12922.367241497293 11401.451620759086 19354.267240286925 16957.432336173228 15364.132202566472 11307.56195264609 5886.8191295696215 4320.0871711158725 6835.395769295074 10409.882433082936 10167.351261750193 8675.457904043773 6762.0884144491765 6015.271032039184 6855.650760275328 7862.376842171365 9345.828917226365 7174.381721132515 7339.28096895905 8578.031996838105 5085.488010506496 2055.8733227328134 1925.8069134337932 6894.323582268974 
3784.078883346772 14332.536066474375 15983.717270110024 22464.170257940787 14968.41170148619 16410.99057086978 16386.628405637595 30364.932367714337 75881.92364201747 685223.7884712137 218394.84150040318 52264.39146257269 40120.97818365275 24373.910102339178 16175.771849522418 14509.611115096628 17276.97888826984 14989.413386548487 10726.133671568563 11826.520049256356 11627.073870926695 8159.017333069625 4429.7711163170725 3586.0110601496567 4017.4569806340974 3082.333366295068 3743.89192731556 9093.320318127335 12485.799638292205 12266.451468008761 9972.519267781096 9146.023905070744 6517.483335102051 6723.5686293224135 6483.978289006707 
3627.822786328074 14609.941364345837 14836.417979460546 16185.129691916103 10998.345821755576 11122.452426227823 10958.514877697327 15855.709561938851 26762.35040117079 218394.84150040318 641149.7025047803 152831.17229125774 63992.62244512489 32570.926557551982 16509.014669033382 14638.390570964599 18514.614963771306 16260.053330818491 11625.720315698585 12412.711947558244 10460.786805988144 7191.810576560627 4066.3134909799287 3405.837729012196 3384.080105163964 2939.625686026004 3413.054342746929 7881.922151669872 10333.035480074486 10615.857697908601 9190.395491722544 9549.821442762308 7180.569701730745 7334.193834225365 6863.344328175823 
7778.88150817498 15825.331803985513 11211.285546022425 12352.086985573991 7145.533824777526 6965.868675500723 6407.940824934688 9768.583334595418 12922.367241497293 52264.39146257269 152831.17229125774 664519.2626283579 213988.3133477931 36912.86798157023 14607.92192943597 12452.140645816558 19809.756951983203 22811.973446053227 20673.266225108735 15216.686257126423 8597.789036850845 5399.1777088009885 2942.953822765089 2373.7265064922126 2594.824536309308 2025.3358429257164 2211.532989181398 6860.036172029241 11257.49698634168 10934.056951832326 7659.644310808196 12999.537442277324 13973.329550505428 15454.393825830935 6408.846920868406 
5405.877991261811 14858.192304714146 10991.766743129714 12029.598875514492 6457.3864911957635 6714.700306365476 6138.453743385879 8841.089219196901 11401.451620759086 40120.97818365275 63992.62244512489 213988.3133477931 660002.0789816087 135996.3331096561 24244.956930862278 17320.537901525586 25535.679745107773 24906.616874559815 18557.750943922016 15436.460381152385 10184.35434280956 5728.611219550421 3104.572369517643 2524.9881584968853 2897.9430500464323 2327.5651227185786 2428.012923288352 7071.94229361573 10972.978117891604 10821.393598016331 7895.332001461648 11485.050565150024 10532.134510397918 11198.308410265874 6146.167618256706 
1660.9369114835354 9962.426719116891 13275.862190209424 13503.827149119441 11124.222531878544 11059.920131175282 10938.157085159437 11126.249812233895 19354.267240286925 24373.910102339178 32570.926557551982 36912.86798157023 135996.3331096561 731011.3899502244 136365.58797770372 44176.04348990315 29336.945025183464 15252.537135477442 9406.984849953333 12845.675091164612 14020.607552565189 10470.62430485779 7767.6399174893795 5930.533581464813 5535.166995649872 5979.665671127973 6783.221159701886 9291.305369849728 8421.245715081812 8810.125247010024 9765.451101720746 7365.215511088436 4295.445259713861 3729.1962893894947 8413.094279866207 
1119.534267457033 6590.680461892677 9856.574412954687 13835.43539100841 12691.791109795491 12222.244043722761 11161.066875290697 11529.440097198063 16957.432336173228 16175.771849522418 16509.014669033382 14607.92192943597 24244.956930862278 136365.58797770372 775389.5679941438 156821.4758988701 34111.660440170475 13651.231287681616 8299.725863794789 10834.324048102919 15602.92805904662 13459.074479539991 10086.879756064018 7411.166484014213 6782.629748197596 7052.468742498165 7852.751385542663 9947.646790688532 8841.784403314881 8708.094529895685 9207.860829816673 5943.538304078453 2921.846381924586 2927.933225339964 7061.8299815209475 
1286.2402612173678 7432.371443483939 10792.913575109875 13662.424832678853 12143.121260747594 11908.658374554007 10260.3606210087 10104.808494330327 15364.132202566472 14509.611115096628 14638.390570964599 12452.140645816558 17320.537901525586 44176.04348990315 156821.4758988701 737667.167483265 142969.90424948712 21652.11640236388 11804.129357953288 15919.43808318077 20431.148726866388 16154.985226686918 11236.169338831662 8098.091437824986 7288.906539790918 8109.743475493104 8723.139004205947 10599.136421337747 9521.63469081084 9803.512461254973 10214.245720437597 6966.089947418674 3742.5371025195686 3597.5435381659704 8709.332751930218 
1714.0222933070147 12230.93008457492 12993.25660620075 13143.639365763236 8586.669484339045 8196.982689252878 6660.639968471066 7602.097532829925 11307.56195264609 17276.97888826984 18514.614963771306 19809.756951983203 25535.679745107773 29336.945025183464 34111.660440170475 142969.90424948712 702880.5779346438 126081.04054368856 34966.40100900543 33973.093945711385 26979.725158537603 14644.624180348186 7853.168187612415 5774.733126973738 5692.677493536079 5509.7940226480105 5697.668213526792 10814.808085836543 13001.308353905273 12950.287926638513 12348.127748280967 11950.49750421522 7672.789860082646 7764.714663770404 9581.630108358644 
4996.266699096035 15195.387051882886 10257.294670011113 8093.062956989496 4568.181790935041 4365.898302045067 4023.7315816488335 5170.505463871627 5886.8191295696215 14989.413386548487 16260.053330818491 22811.973446053227 24906.616874559815 15252.537135477442 13651.231287681616 21652.11640236388 126081.04054368856 645874.6678060116 210746.7958996833 97019.57325268211 28982.070640383605 11363.453762989815 5093.840298190167 3993.5277708324365 4350.1904844301625 3027.830186875105 3389.2195252621596 8635.972458150993 12867.080327208574 12686.583609548692 10038.263045707405 15149.223991864166 14464.614316801088 14045.919167744112 7759.891747657246 
10266.215965500893 12346.036435903641 6485.461611826885 5516.025869468172 3294.3178715634526 3241.097926213485 3281.0878180173413 3979.12568963838 4320.0871711158725 10726.133671568563 11625.720315698585 20673.266225108735 18557.750943922016 9406.984849953333 8299.725863794789 11804.129357953288 34966.40100900543 210746.7958996833 692757.3119265204 191092.6285941227 28687.95314374272 10331.598608998696 4714.467408530121 3488.4559609056664 3757.2765363832027 2711.8419579457923 2942.375203186608 6793.829154459262 10237.348432524053 9798.7236082902 7367.4935428154895 15683.34114978519 20632.153819210776 21349.662610556872 6442.345075971118 
4242.365247277847 13177.324225120507 10520.730885676934 8216.150395961364 5396.368054376051 4849.180165373522 4445.840772985094 5291.117910592601 6835.395769295074 11826.520049256356 12412.711947558244 15216.686257126423 15436.460381152385 12845.675091164612 10834.324048102919 15919.43808318077 33973.093945711385 97019.57325268211 191092.6285941227 641745.671583606 145314.92273758643 24750.593131706646 9826.811866832104 6962.887554184027 6281.77787692423 4945.664129516223 5556.664256015686 10340.046552631948 13021.95646796963 12889.767824601415 12001.078359883171 15518.442120715254 14222.035074139274 13361.38703240461 10283.427266581908 
1324.1992919865281 7967.550086279414 9871.804483540021 10796.892921815646 8480.089373071858 8111.809116750993 7283.710134354425 7857.6877835788 10409.882433082936 11627.073870926695 10460.786805988144 8597.789036850845 10184.35434280956 14020.607552565189 15602.92805904662 20431.148726866388 26979.725158537603 28982.070640383605 28687.95314374272 145314.92273758643 739685.8228566777 124668.06703204475 26269.229059212234 15045.146593451866 11270.78059913574 10096.795402265314 11117.431883918387 15822.561269350097 15551.623307777862 15074.509566125049 14216.071033832171 10426.452838689864 5969.596646376566 5764.7263436512385 11064.68066243951 
688.9783454928646 4286.564235758394 6632.978635340026 9691.750264931277 9468.045406474255 9009.659786478114 8419.601150051685 8785.878962886532 10167.351261750193 8159.017333069625 7191.810576560627 5399.1777088009885 5728.611219550421 10470.62430485779 13459.074479539991 16154.985226686918 14644.624180348186 11363.453762989815 10331.598608998696 24750.593131706646 124668.06703204475 818885.6662730828 117653.41229600382 32724.399445209976 18653.493866355388 16655.569032899406 18228.90017965682 19448.544382187472 15235.178997211355 13394.776853908243 11895.046687112592 6638.852830971958 3653.9867165819564 3499.5722599286114 9091.329156632648 
473.6105811743246 2617.104655323034 4329.1486478854 6689.286871608465 8182.6333312996885 8458.912903059474 8204.890751098616 6691.2391256299325 8675.457904043773 4429.7711163170725 4066.3134909799287 2942.953822765089 3104.572369517643 7767.6399174893795 10086.879756064018 11236.169338831662 7853.168187612415 5093.840298190167 4714.467408530121 9826.811866832104 26269.229059212234 117653.41229600382 863719.3699752075 144697.2109007664 33157.205410897084 32729.348897204665 24842.740300145986 16196.179425446888 9112.61193661594 8024.8375122481875 8393.635898335799 4201.092095514065 2180.788487399795 2090.500314281002 7363.815751525204 
569.6385493155101 2270.45804500927 3518.3965308794322 4904.246636041968 5681.630494824893 6225.790316045366 6324.084875565852 5391.552008639269 6762.0884144491765 3586.0110601496567 3405.837729012196 2373.7265064922126 2524.9881584968853 5930.533581464813 7411.166484014213 8098.091437824986 5774.733126973738 3993.5277708324365 3488.4559609056664 6962.887554184027 15045.146593451866 32724.399445209976 144697.2109007664 815267.8231213605 191380.67796390477 55634.373864064786 25962.41584947235 15132.930316294436 8528.756815104489 7422.169572216355 6852.3962867355385 3655.9308129832602 2112.4977105815337 1810.254771019253 5950.625706838347 
346.245911669197 2158.4848394045644 3375.469100513651 4513.280939567619 4832.7757063694535 5510.35833063198 6168.415933736645 5275.252770161724 6015.271032039184 4017.4569806340974 3384.080105163964 2594.824536309308 2897.9430500464323 5535.166995649872 6782.629748197596 7288.906539790918 5692.677493536079 4350.1904844301625 3757.2765363832027 6281.77787692423 11270.78059913574 18653.493866355388 33157.205410897084 191380.67796390477 814306.1429647934 187551.78879257137 27427.006123069612 16640.52465003964 9804.375056351935 7929.436658712609 6887.799893622684 3762.6626520408245 2244.449548093848 2104.258045063755 4488.886052952656 
428.415108840959 2006.4821319809612 3304.98873712733 4671.397585317156 5603.501184044607 6479.516486562288 6448.927541836705 4912.183825554466 6855.650760275328 3082.333366295068 2939.625686026004 2025.3358429257164 2327.5651227185786 5979.665671127973 7052.468742498165 8109.743475493104 5509.7940226480105 3027.830186875105 2711.8419579457923 4945.664129516223 10096.795402265314 16655.569032899406 32729.348897204665 55634.373864064786 187551.78879257137 850984.5142732899 120790.05400015973 24972.646744457215 10006.637280228302 7756.652631520133 7629.145286044119 3968.2337159251224 2088.1234248858455 1900.753744520154 6063.587338067187 
442.48539683653075 2406.368356184567 4148.730406687022 5628.730659460868 6831.744865005877 6917.965142580547 7400.051753381107 5925.7879738485135 7862.376842171365 3743.89192731556 3413.054342746929 2211.532989181398 2428.012923288352 6783.221159701886 7852.751385542663 8723.139004205947 5697.668213526792 3389.2195252621596 2942.375203186608 5556.664256015686 11117.431883918387 18228.90017965682 24842.740300145986 25962.41584947235 27427.006123069612 120790.05400015973 932180.9531185132 104944.6521611753 18254.680274840888 12738.113923374365 11126.128740342696 5211.719143309099 2621.7806842355776 2299.3442959145013 8137.000426134396 
999.3249939298968 4962.046289299799 7139.711854309031 9767.326280557576 8341.214008223797 8099.282961886621 7664.9472252412515 7547.944758101044 9345.828917226365 9093.320318127335 7881.922151669872 6860.036172029241 7071.94229361573 9291.305369849728 9947.646790688532 10599.136421337747 10814.808085836543 8635.972458150993 6793.829154459262 10340.046552631948 15822.561269350097 19448.544382187472 16196.179425446888 15132.930316294436 16640.52465003964 24972.646744457215 104944.6521611753 755931.1751826319 165391.65992388933 59487.87129895529 28012.413802717183 13639.311962277658 7832.336898485046 7446.259643201759 11678.945062590808 
1641.4850304628058 7240.672797506862 7880.5608428790665 11033.44312997931 7264.912396871703 6895.7370900579845 5492.904941483987 7200.325520133364 7174.381721132515 12485.799638292205 10333.035480074486 11257.49698634168 10972.978117891604 8421.245715081812 8841.784403314881 9521.63469081084 13001.308353905273 12867.080327208574 10237.348432524053 13021.95646796963 15551.623307777862 15235.178997211355 9112.61193661594 8528.756815104489 9804.375056351935 10006.637280228302 18254.680274840888 165391.65992388933 718624.7934303534 166016.07323314124 41205.02760478849 21248.614083274537 14081.699186650294 13921.60101748511 13335.9267799757 
1856.0112698871242 8316.793152429374 9143.351841690363 11388.199654203569 7433.862727200773 6826.221655663363 5285.765587123251 6586.490441643361 7339.28096895905 12266.451468008761 10615.857697908601 10934.056951832326 10821.393598016331 8810.125247010024 8708.094529895685 9803.512461254973 12950.287926638513 12686.583609548692 9798.7236082902 12889.767824601415 15074.509566125049 13394.776853908243 8024.8375122481875 7422.169572216355 7929.436658712609 7756.652631520133 12738.113923374365 59487.87129895529 166016.07323314124 678464.8814920728 166491.91091865968 37253.22292903049 20252.05980311331 17982.01645106958 18106.84316306397 
1399.753809008104 9700.052600397636 11493.445888932998 11499.23839209067 8471.893643951178 7284.695093509309 5970.120479502622 6284.537139833982 8578.031996838105 9972.519267781096 9190.395491722544 7659.644310808196 7895.332001461648 9765.451101720746 9207.860829816673 10214.245720437597 12348.127748280967 10038.263045707405 7367.4935428154895 12001.078359883171 14216.071033832171 11895.046687112592 8393.635898335799 6852.3962867355385 6887.799893622684 7629.145286044119 11126.128740342696 28012.413802717183 41205.02760478849 166491.91091865968 722532.2162674724 136297.03655322452 29421.084668935302 20197.458024678745 29903.770912781034 
7205.716607593967 15862.184654023766 10249.683662634216 8332.916829946953 5152.519285754551 4130.084483261703 3554.1835653218923 3902.5150614941335 5085.488010506496 9146.023905070744 9549.821442762308 12999.537442277324 11485.050565150024 7365.215511088436 5943.538304078453 6966.089947418674 11950.49750421522 15149.223991864166 15683.34114978519 15518.442120715254 10426.452838689864 6638.852830971958 4201.092095514065 3655.9308129832602 3762.6626520408245 3968.2337159251224 5211.719143309099 13639.311962277658 21248.614083274537 37253.22292903049 136297.03655322452 618175.5833687867 210393.11921372078 114579.28262383988 43492.65073762124 
11429.825215763816 13914.22550220848 5635.98667001285 4375.002856405182 2171.8000172660636 1771.255666686645 1581.1330089674882 2034.3288575829333 2055.8733227328134 6517.483335102051 7180.569701730745 13973.329550505428 10532.134510397918 4295.445259713861 2921.846381924586 3742.5371025195686 7672.789860082646 14464.614316801088 20632.153819210776 14222.035074139274 5969.596646376566 3653.9867165819564 2180.788487399795 2112.4977105815337 2244.449548093848 2088.1234248858455 2621.7806842355776 7832.336898485046 14081.699186650294 20252.05980311331 29421.084668935302 210393.11921372078 722305.673315648 204719.53095359728 39951.075855830226 
15486.621925530348 12081.565905261745 4955.691968036655 4503.91079223907 2264.723691891475 1794.5871274671579 1355.0603962080977 2033.6769058477748 1925.8069134337932 6723.5686293224135 7334.193834225365 15454.393825830935 11198.308410265874 3729.1962893894947 2927.933225339964 3597.5435381659704 7764.714663770404 14045.919167744112 21349.662610556872 13361.38703240461 5764.7263436512385 3499.5722599286114 2090.500314281002 1810.254771019253 2104.258045063755 1900.753744520154 2299.3442959145013 7446.259643201759 13921.60101748511 17982.01645106958 20197.458024678745 114579.28262383988 204719.53095359728 764617.7479984984 98163.65513674592 
2273.0638532085495 9886.114800792619 9917.470680334136 9312.039076410545 7192.238776786929 6231.295492721824 4930.887870855477 4621.522117713045 6894.323582268974 6483.978289006707 6863.344328175823 6408.846920868406 6146.167618256706 8413.094279866207 7061.8299815209475 8709.332751930218 9581.630108358644 7759.891747657246 6442.345075971118 10283.427266581908 11064.68066243951 9091.329156632648 7363.815751525204 5950.625706838347 4488.886052952656 6063.587338067187 8137.000426134396 11678.945062590808 13335.9267799757 18106.84316306397 29903.770912781034 43492.65073762124 39951.075855830226 98163.65513674592 706052.93051865 
