500852.48879703693 3270.9082358897954 5138.438782078498 5404.207480932086 6889.073927120571 0.0 260.8673480815634 100.64108431919631 0.0 77.2188622497651 122.53968739215011 134.90454514749575 208.37353738870036 0.0 43.61127445394121 0.0 301.3303500946891 156.64910875075748 310.8663779807044 264.51280155643724 103.59195489496886 246.7925929840081 158.3366149995629 410.69752020416183 218.18984608107002 103.75932040822737 52.67407059092898 93.94631701634208 204.3755743632001 83.11018121070492 33.85504148416582 37.39110129242357 162.93810665715 229.6773858368011 301.6331593007168 186.54251298750782 46.34561930147459 35.67406908408423 35.80071223463673 43.275127674248274 237.11161337197353 167.480710499764 0.0 0.0 36.21964600176246 35.693076635135526 33.646171168363175 33.6693296356597 32.35810610275569 0.0 76.01950596451177 0.0 32.931551480909285 0.0 0.0 149.6793604346686 0.0 0.0 71.4565116484979 85.27123125828972 93.58064417564356 86.21558399919297 0.0 64.15961827461885 0.0 0.0 0.0 0.0 32.898211186926744 35.19895106943065 0.0 41.604112514342035 36.20027638625122 
3270.9082358897954 466570.02347248344 3800.698573808302 6252.42540798905 14260.988695134192 1168.6673460278917 1789.2023130203006 609.0562057227359 350.0773821921672 342.69430704989395 346.07132392547334 417.2765409179484 756.6166257855754 1028.537165358532 765.3830522938175 413.65421003694104 830.7422315548686 884.8033744958434 846.5806392411129 885.7590411696999 909.0255630379703 816.4635100141307 787.8664946618038 797.41358357145 869.2855220563675 659.3233900934655 403.7767319585652 388.5030483321335 329.8221270331654 268.24709195740604 252.68873716448945 218.73942456513987 682.0270147296164 704.2431558265824 912.7065192441241 790.2380340425182 691.8329147446539 323.83663152115076 209.43558554166933 392.83636362437244 822.7011097441911 549.0083762610267 414.9071721479746 305.41425320651047 226.49921742070592 194.40550522405258 128.95852631920718 108.67140019853194 137.0765609536591 167.2668516967193 222.3585614710537 149.33380781374967 146.1489445198663 174.90012926330365 120.78411591207434 513.3004568616522 297.44803772712453 424.4877565156107 324.3285196589098 1143.8919135594201 1255.3605777539835 1156.560165769768 260.3428163149073 90.59841962789564 80.56305999686255 91.05316759645156 104.83400780605477 70.7648560206688 119.45534857529168 149.11104952965005 144.6043537408701 276.95614956897987 175.26045655069777 
5138.438782078498 3800.698573808302 414421.817107953 38080.13943216683 16217.719550010848 3504.938045092665 1736.051702883828 861.1180815929979 806.6001548282268 477.17935619689746 640.7437068952318 619.8951255457819 1634.3362171886151 1836.889221873271 1243.8411624718033 506.11820007909506 1384.6324821634016 2184.259543638528 1600.8504246485145 1810.606535284496 1600.384313617288 1571.9973716695251 1204.2488353688148 1268.9670151367739 1322.3901841271538 912.4598067822665 801.2384016601097 736.8491714227484 510.0387704378768 296.2991385391146 177.02350348125557 248.83484095954321 1123.0667355054004 1266.4589627221205 1433.8178380183379 1330.0990346535514 1211.6753576557737 440.9008064222998 170.17923339326146 658.2687409642313 924.2332194066996 736.4129609808716 497.13492076864986 462.6556395332931 103.30238487923403 50.90027577723076 127.95007157451548 112.03337151774988 184.57770296414847 121.27760370612759 252.95191934257468 134.05496913251693 187.84876061934244 82.427895469769 100.45376977752105 391.3267215367516 483.9649402294518 423.8451822652274 254.75221610674382 1074.1459716767458 1467.9621790822355 1168.0072285103536 153.36974406408385 182.99023630399094 94.92050572113855 132.03703978325862 141.16213755835892 15.159295815831108 125.10572020149353 167.31875248691992 136.29987130177375 197.7657854205415 172.07856770168328 
5404.207480932086 6252.42540798905 38080.13943216683 337141.1369762163 52023.37297098457 6598.022847945839 6789.374990320849 2246.38342213523 1320.1111856547752 912.8853840635051 1225.2437262180179 1436.1571172057106 2426.635533164931 3612.8353383373155 1973.8047982171015 1280.2924081104593 2370.464549605663 2998.994844548191 2687.743905696147 2576.343852031364 2691.5309918454855 2564.87065331606 2239.717455824663 2545.4024991378383 2127.085127125277 1876.5884398355422 1133.9000247558038 1147.9357717801734 739.2662918873925 450.9385894559477 349.4598362327059 432.1431262564611 1106.8823125410659 1714.2598614770911 2350.6705109221734 2040.7394743577352 1880.8518064998104 459.50851313607 293.7397171452186 878.1207726792643 1723.7254518727223 1303.9698974595283 673.5506998984848 629.6981933568965 498.4904662270122 239.32365878857237 160.29407394082335 172.28621109759243 262.6388566409518 258.85204980353427 321.924727886438 267.46351146913935 168.51099477199327 269.25268346133475 211.29881551295492 623.9528728324834 476.99056101853387 494.014908736243 548.4652553253663 2328.365975572259 2910.2695058004892 2354.1519148440548 404.8371081044518 206.6058873691893 115.76919032254636 128.65546632759467 91.69790873420989 115.35489954578314 179.95007446215376 214.2727134851253 177.07883112704405 367.04923159208516 226.7557413886437 
6889.073927120571 14260.988695134192 16217.719550010848 52023.37297098457 352278.3960268839 5849.836917737348 5415.032715880109 2043.274358028266 1137.580799138896 822.5376285556897 1056.137268228847 1146.3305672937495 2361.883272880469 3645.1962541392013 1905.8404057890502 1084.2433122633138 2222.1553120546087 2895.1460736268423 2698.1435141946804 2730.902936463354 2862.4060340975448 2494.0296622779492 2556.337837579977 2262.1633908012814 2254.6384652965608 1818.4625730885302 1218.083646609656 1004.9955534928094 730.3233163255805 514.5287617594965 357.5426495086726 408.5037215279776 1123.703716492162 1798.3043806998687 2531.0427373650086 2287.096282450351 1696.2163984930532 613.8481732205554 365.0532371959586 992.8540534063583 1908.321771951245 1315.135233255041 593.5075404682729 646.5348518291288 385.8127517219006 243.72033275051282 186.8581305453444 223.7710214226713 250.40819342764257 275.8327593038419 408.34154635907805 250.33360354397607 179.89121569906115 252.59561829945977 234.0827805001932 504.20849378172073 511.40798464676504 526.0340723645324 598.5165349666303 2278.5426076437843 2551.6985784877825 2248.831496233003 385.13306782670725 224.88941538362283 103.8851839420324 186.50454599894863 111.5254019945082 107.42673344773489 176.71394016673102 211.50477265459506 202.31531831381315 382.5640448213936 227.408917896591 
0.0 1168.6673460278917 3504.938045092665 6598.022847945839 5849.836917737348 374586.30562071805 41103.694768683265 11621.034121258632 5366.239534855088 1963.8803488033413 2925.4586987659422 2458.2118464073956 4705.582868131491 5177.521209158386 3403.9440502248676 1717.6391738068019 2583.905742084639 2823.909506674138 2408.1969414669406 2412.5352231610896 2240.939449262815 2236.486022660179 2329.7505458713385 1860.91335313561 1754.0404450721996 1486.2626774698444 1093.2704345922746 837.6295150126608 746.8121535123155 546.6497084296107 445.3569535427235 393.49854511894927 1309.8686041234837 1839.6752799455562 1969.2688186753915 1872.2600326158597 1652.8783608069575 563.1431195330067 376.7615205654888 885.541199327252 2231.932574937294 1175.0285253120524 723.5504901793863 695.4973971418945 381.1703189738572 239.98505329795546 98.35762272857484 118.1103860617141 293.2359158091003 167.8110684826832 377.7864157390699 216.40620145656396 182.9103017521334 283.8701426135233 216.21795775488792 776.6630601930561 502.88590197497473 594.2915774229855 772.8868328731761 1832.1551449422382 2790.3493213050137 2091.8774587346293 429.6734484346752 290.71393058319177 91.73016312326082 101.49935193773068 119.36538454831664 74.58070631889103 192.34223283101343 92.6071682618544 136.20915174822252 304.05254599151357 190.4832379700471 
260.8673480815634 1789.2023130203006 1736.051702883828 6789.374990320849 5415.032715880109 41103.694768683265 259118.56029176142 29829.627694816198 14976.288060637942 5422.7529591510565 8256.492954883526 7500.884693427561 11472.722001070359 11136.185247184858 6718.852224222365 3785.6591256130146 5366.642561562465 5421.013793013587 4238.631228821028 4396.866366875557 4177.398546444662 3923.6399168948283 3538.3091494541463 3575.4594170494674 3656.8758687406566 3139.9887184373465 2555.032163172967 2339.714621092274 1856.9380002383707 1389.9234958275638 887.271656053918 1142.366332121713 3185.0123231404255 3378.8322238281467 4069.062151957449 4078.5843956323656 3469.3963398354567 1487.6467567448672 901.9772797393441 2462.553027854125 3673.595093145668 2794.8622754821363 1655.6428069165734 1424.9398431378695 1001.6874938737383 558.1647719666253 219.23144519167906 443.6398450166433 487.2716193232319 378.655491373584 787.0199977718578 622.7196175091552 329.0152025739859 617.6594716556488 494.68245801648186 1479.173976375315 1367.4390257733733 1074.1634335488993 1251.9352402709526 4025.082784754952 4559.589889401993 4044.6921072229607 986.2580730944342 497.0158473469317 169.35017389577274 251.3712375313094 134.37176897050045 133.91117245516182 228.64841994701587 265.0255523548707 301.0046738524496 722.8899571204031 461.26366088033706 
100.64108431919631 609.0562057227359 861.1180815929979 2246.38342213523 2043.274358028266 11621.034121258632 29829.627694816198 266074.7891036377 41885.5547254134 16087.341345625502 13699.555115382038 13692.78459812919 7859.907306095726 5483.5214388227905 7001.576028374801 6820.002181124947 3111.2394641891437 2523.0917763542916 2491.9304741616133 2201.6244050038745 2005.116148789251 1844.5842728238383 1916.389245815943 1683.3734058379416 1700.2743787880056 1759.1224900227655 2086.1877149394018 1981.1026644193723 1800.9789029938727 2274.8909147763334 2787.6041399167125 2803.0512582752244 2530.333285071995 2196.5053417294944 1760.7822046729334 1861.7939941226537 1988.2920540210064 3080.8631353801493 2685.8264500354385 2680.897261008783 2286.1455878973925 2619.58860715112 2607.527899647723 2176.783119768817 2001.016915598807 1078.6772432319726 892.7698735712187 1068.2996160004423 1033.9258426942083 1049.3038972018717 1078.6213851246503 1045.641525193965 1085.361645582293 1237.9423953692299 1522.8296374000838 1858.2919922945139 2114.1219486469618 2402.7573861733385 2840.05651651592 2453.1269858424694 1942.0263376946373 2140.7591386205145 2114.7375285142357 1193.4830951523759 637.4077880766765 539.1951272708944 393.9827532730204 384.79387435135146 512.7276689888224 640.9993494428069 594.6443255003813 771.5864866487036 958.5184902555916 
0.0 350.0773821921672 806.6001548282268 1320.1111856547752 1137.580799138896 5366.239534855088 14976.288060637942 41885.5547254134 179190.18671407437 90608.36875728748 42052.33934839615 24683.108242649443 10368.067192522216 5853.362888478406 7105.034454650351 6974.879923547191 2891.8089258591826 2071.132010696141 2178.1594779857464 1843.5578903949984 1619.8393211492892 1698.9235998593083 1615.5552947791823 1424.1731155443247 1554.0975943131941 1560.2677620095424 2027.2730962063852 1946.6183120071773 2145.8219839943495 2503.9653849758597 3708.2111495033087 3030.2227504648286 2113.591130345722 1598.8011848820308 1341.899447608556 1327.019836182407 1719.2258823462935 3110.995348582103 3145.029380827325 2402.890706314974 1702.3214518858767 2089.1651129005113 2217.7501285624235 2153.598423381708 1739.7736225777326 1292.7365598187534 1410.1782939540783 1304.483927487313 1179.5692182808696 1111.3626897682025 1066.6536578414925 1056.4081853595096 1274.4896297058906 1302.1007476956224 1682.751441132182 1483.4352610460428 1739.7133280912317 1839.903632487488 2351.703814611362 1489.424113800052 1260.977835481653 1421.0265348911444 1926.1127088210396 1303.3278391938397 994.0934124091713 662.951012698443 510.91658883405205 562.4928823969973 610.5441435478573 636.6666757490369 645.2265751073069 757.864406016122 963.1827656385469 
77.2188622497651 342.69430704989395 477.17935619689746 912.8853840635051 822.5376285556897 1963.8803488033413 5422.7529591510565 16087.341345625502 90608.36875728748 198135.3643602327 72997.5468555016 26903.106837673848 9164.339957483982 4795.079708994124 6195.482858987369 6573.090258093803 2228.9487717766942 1620.33046640862 1843.1426690434942 1561.1297272833217 1302.0342475878333 1365.5786600675274 1309.775984971045 1194.7864298331226 1251.9655477761344 1307.4732345713005 1819.660137851798 1662.984375679367 1912.8911885272898 2513.0990469402454 3918.5544878618352 2884.68980721956 1862.0094985624191 1237.405016242573 1054.7241418795313 1127.34097863411 1349.75986124104 2837.8470122632502 3197.006576867156 2033.786461492017 1299.8155499418222 1728.1818852284846 2192.6766306780282 1948.2857081437533 1724.7121325422966 1330.1846409307886 1476.7057459975076 1402.6815759827575 1188.563186815642 1188.512266943448 950.5922423122532 1091.6269359700536 1345.8332301520545 1308.0680603584278 1816.0344311355504 1317.5522693949329 1629.6255381696876 1631.0794787046298 2159.1821746550577 1021.5101924511034 918.5015020853979 983.8610075354073 1888.3936363483992 1324.7741732528825 1074.106219108117 686.7852501270607 576.7395203849698 544.0083450676146 570.360141747922 561.2172607598142 619.858355559791 761.4168709400873 849.4823660278881 
122.53968739215011 346.07132392547334 640.7437068952318 1225.2437262180179 1056.137268228847 2925.4586987659422 8256.492954883526 13699.555115382038 42052.33934839615 72997.5468555016 200279.38185884495 47409.72456181964 17276.588846248393 9166.298877725814 8860.244952969897 6600.8009415204115 3667.5228108489378 2560.6703106871423 2399.8347762121844 2295.668089942343 1968.160540835801 1930.3750210865337 1942.0888476290593 1833.1716185995117 1829.082066645705 1899.591084880145 2368.1546968064945 2502.6959960317486 2563.5446508414043 2479.708276743208 2074.721794293083 2644.92477022942 2472.3019901412745 1987.0878851310138 1726.7558598095727 1732.6024504166037 2156.1378297869946 2362.5155683775656 2246.716245766742 2855.1032601043503 2209.454795803935 2211.8272148438223 2036.774793069819 1994.9749762493573 1627.5649348550305 1126.454599908028 699.512466489259 949.6100954530616 977.1872519193138 971.7744265846829 1239.2085647312783 1106.9252145416351 869.8183996849975 1136.181284939189 1149.8814236417131 1788.3931885853237 1649.2300198049088 1850.924107349718 1935.9769821916127 1623.948652148932 1562.6051620866692 1724.0300548248138 1615.8057169014485 1005.1486457730749 542.6246779971666 547.0993182200116 372.8271596265035 313.7937824799228 407.24466156283455 502.7600308694481 550.9481505584934 822.5138512166653 624.5784796962228 
134.90454514749575 417.2765409179484 619.8951255457819 1436.1571172057106 1146.3305672937495 2458.2118464073956 7500.884693427561 13692.78459812919 24683.108242649443 26903.106837673848 47409.72456181964 195138.42329594344 46634.336731657095 18983.503133937607 15771.662598803856 10006.073458952947 4962.693053147505 3612.768940348201 3271.7741057739804 2911.558843719681 2722.667999480433 2477.504627246518 2547.7502810485803 2297.484923572565 2318.6194761290208 2534.1261798762444 2996.273778415756 2900.6127105721484 3192.0533098486026 3050.419335315942 3036.1334354190935 3353.2486697487943 2989.1677745216516 2356.135947293638 2123.09035928164 2189.8979097655306 2515.9861041866106 3326.594028348081 2916.6351395452716 3044.90481338636 2657.293061920117 2623.123944369629 2250.126463887568 2146.791793036719 1870.4451577797597 1287.3366052586643 906.1443391467473 1087.4493372122554 1067.713753178725 1068.2392397574365 1108.0980152623033 1051.4441913221024 1026.6322839999054 1196.2932195136068 1431.18171954047 1716.6735729846644 1829.66587660143 1942.4389562970323 2413.1254206684416 1836.7650907431002 1809.0382078884516 1918.4364123916562 1753.7942650185605 1040.915354986099 632.9787861464788 506.9755896077669 470.6708935160766 374.11254933857106 502.5323142339234 599.1759640821884 620.8551958815029 816.2047075023588 877.347015898588 
208.37353738870036 756.6166257855754 1634.3362171886151 2426.635533164931 2361.883272880469 4705.582868131491 11472.722001070359 7859.907306095726 10368.067192522216 9164.339957483982 17276.588846248393 46634.336731657095 195622.5783129539 53598.21066083718 22336.155980046868 9276.876335455721 8553.117798681638 6836.4497295554775 5775.165281414536 5263.551741464032 5208.865501594147 4694.0047316343025 4465.313509276896 4208.2612169617505 4209.598260215516 4123.722151218371 3333.95839475154 3125.243891327635 2969.494939314919 2212.0531357048835 1566.2492131401546 2070.4014728270377 3597.0729019041137 3890.3183048006345 4011.940167224346 3829.6025583732185 3741.4645672912397 2116.6426279417833 1555.8516336952803 2859.183935898681 3740.6297201846214 2904.374293165982 1668.2212572811532 1662.4837932734847 1150.9578693883677 698.6991034678001 430.0069274927187 581.2009741751317 624.9957873376868 600.3081582633813 939.6772116901781 772.6179118415777 475.1494931093321 683.8978189044749 683.3451963348391 1488.8052590914735 1318.6443889944944 1338.580738653715 1461.7926979547524 2789.809990020109 3198.313563244237 3149.7679055390954 1080.108886098997 586.2277692906193 326.63282419532993 350.3756009947864 239.3512714419029 186.26576221137387 339.5924554385625 349.09318820511345 345.10585614792507 637.5726292366516 499.28417168007957 
0.0 1028.537165358532 1836.889221873271 3612.8353383373155 3645.1962541392013 5177.521209158386 11136.185247184858 5483.5214388227905 5853.362888478406 4795.079708994124 9166.298877725814 18983.503133937607 53598.21066083718 200405.5091702296 40005.648358584665 10701.932428254504 12262.078964132872 10039.363233370093 7735.779783036129 7183.259317235224 7378.636874500055 6312.385857996672 5454.248668410309 5574.426059728548 5201.525737635546 4753.94318456777 3656.1443624673607 3351.3965187287627 2786.941653170896 2104.4745979456625 1152.7632259925554 1669.7075949275174 3889.2086324953607 4511.674009909209 4931.625576542095 4679.0797520181295 4322.771609489213 1855.5276117888639 1215.813751350377 2745.923882213793 4139.243491991808 3149.4645095345036 1656.4157079861252 1420.7235428259758 1009.9283954173494 611.3956749091992 304.70513039836175 432.297050829983 541.7388023868405 468.3744287005605 772.2358421892384 672.0917134632118 384.56414648815837 518.6370774371927 452.2180531552214 1453.6171957896486 1269.6681547627668 1180.4210299015408 1260.1842598288642 3622.3681989007164 4146.804277186651 3775.492762675666 898.1498796462644 378.44040159371116 214.15005042769482 235.82849307634618 139.33313890434576 156.75399169632828 269.51038909115226 321.91308506517754 275.4741182074708 597.3843396839654 391.46148964125314 
43.61127445394121 765.3830522938175 1243.8411624718033 1973.8047982171015 1905.8404057890502 3403.9440502248676 6718.852224222365 7001.576028374801 7105.034454650351 6195.482858987369 8860.244952969897 15771.662598803856 22336.155980046868 40005.648358584665 177069.29707686428 47774.236988050594 18747.264248620366 10627.54896572397 8177.185247323351 6875.4928210759135 6576.203798178517 5983.5672281666375 4964.74143991572 4535.850125307042 4596.341683745067 4582.523748111652 4330.103737606874 4149.133081068994 4007.2620858215037 3867.7136725279265 3145.299882355843 3988.825570927985 4616.659255802983 4034.1240478462378 3676.3114411217584 3704.2639067179653 3931.03151323756 3520.6844204827216 2613.706042982054 3604.5974278792164 3644.6874293589826 3298.0413004996294 2657.3240526685895 2397.0196675649463 1865.7333000019655 1112.8421982662185 704.5072965762446 917.7123962331706 990.8487326933918 1012.8457197408787 1190.592278271244 1161.368111189608 801.943756445843 1029.2325661174186 1190.1980902868843 2066.145733329126 1975.0171397811698 2279.2397532574923 2428.525437694326 3183.9148508737276 3020.7361186428375 3179.5229997526117 1888.3170576520442 962.913330080081 485.4406830862036 535.3823704147338 321.6844793484016 317.2778043821084 445.9580925178422 575.9836499995546 590.8420720226067 910.4129585031872 816.6980839748201 
0.0 413.65421003694104 506.11820007909506 1280.2924081104593 1084.2433122633138 1717.6391738068019 3785.6591256130146 6820.002181124947 6974.879923547191 6573.090258093803 6600.8009415204115 10006.073458952947 9276.876335455721 10701.932428254504 47774.236988050594 202106.09943367026 34811.32199105456 12529.80586015619 10229.096943131117 7890.182970930796 6795.49388464586 6467.062877021858 4876.224675594146 4447.501853376453 4499.962931842684 4901.023819184313 5293.128391316987 5110.95174798402 4953.166577205485 6054.047179634205 7330.1981095293095 5362.29126263037 4199.444399291523 3280.7531927564505 2676.083482175966 2636.2976547048784 3069.6288492129484 4295.389470820099 3861.6296483511355 3310.5015243903913 2785.951727123081 3095.7986234718605 3094.883606079606 2674.774366307212 2183.3149650005867 1424.2259920724032 1235.0284636037345 1302.9417024998795 1227.410719146199 1301.1575508785184 1217.9918385560459 1192.8773095003094 1284.482364041483 1311.72049297166 1724.5442054383113 1894.461633988385 2117.048778616388 2382.567040919139 2974.8192144370087 2095.0632453273647 1942.8157694162408 2133.362197595533 2184.5388489367006 1289.1774694216513 823.5693149110383 581.3806663123412 485.8730170030597 458.6039124060225 614.2279426634692 694.1650867739671 713.1201368329669 977.1117559411265 1004.7069215234511 
301.3303500946891 830.7422315548686 1384.6324821634016 2370.464549605663 2222.1553120546087 2583.905742084639 5366.642561562465 3111.2394641891437 2891.8089258591826 2228.9487717766942 3667.5228108489378 4962.693053147505 8553.117798681638 12262.078964132872 18747.264248620366 34811.32199105456 165087.065446133 43655.47183844305 23249.895824011717 19262.51349226402 17869.10987692028 16788.802603436543 11338.92926116757 10352.307975518184 9532.33726880873 10468.929738432516 7252.078444002266 7144.152403179595 5692.849897283975 4609.1915628525885 2532.9840046882914 2928.877192790076 4648.759704902387 4758.285790514071 4628.742184323242 4291.743856806869 4216.823519145101 2156.943586443329 1403.1482953044197 2920.516961294842 3686.870819254441 2765.0083651216946 1639.380587012946 1479.1546921992226 1018.7367028363798 624.8419998224726 355.4687651124212 494.6199967970002 622.3845037817787 515.6206513616735 841.2830427169037 713.4133632433224 387.392517708459 616.7889369718011 522.321990470243 1358.124229326187 1231.1422450615426 1174.1641853520407 1324.6161382323344 2795.3515992356656 3127.74831654838 2893.6023387509645 866.4190053868224 501.67357127223073 233.78735802685375 292.2970446724169 168.6659950602531 144.9033151475386 249.44096256511642 331.6446589334838 331.70745467271394 568.2754934636907 378.41621683459 
156.64910875075748 884.8033744958434 2184.259543638528 2998.994844548191 2895.1460736268423 2823.909506674138 5421.013793013587 2523.0917763542916 2071.132010696141 1620.33046640862 2560.6703106871423 3612.768940348201 6836.4497295554775 10039.363233370093 10627.54896572397 12529.80586015619 43655.47183844305 179493.05240087214 46386.98049004851 28750.324981966274 23319.59304883185 18039.26492230063 11116.213900033334 9739.793022479587 8769.490133760279 8796.190418990009 5767.670853947355 5112.123512233452 4146.3758263741065 3102.4995387209356 1831.9318002934813 2001.5976642122903 3952.6627125313394 4357.484698485809 4703.303366162268 4186.464486240837 3836.264353043246 1718.4041062490435 1149.6696338104202 2413.1541154112 3426.4684168550702 2588.435169882475 1385.2150711720467 1269.395958549836 941.6256446024241 532.7615169406939 312.05220926868344 450.83547117357654 526.1233652463933 452.91159316443185 687.4185861568108 618.1231965063654 314.9689662251516 513.6317298366598 459.36112621946745 1153.9452100572291 1027.694457489109 1029.563927480717 1045.8630566163813 2828.524626680847 3349.612906908091 2828.614963786245 698.2214612696708 390.50149374088517 196.77308639285954 235.4769416660257 181.820011480616 133.09699706668468 209.76672526771026 290.74765123395383 265.93295612490886 547.4364975427605 368.2651617925799 
310.8663779807044 846.5806392411129 1600.8504246485145 2687.743905696147 2698.1435141946804 2408.1969414669406 4238.631228821028 2491.9304741616133 2178.1594779857464 1843.1426690434942 2399.8347762121844 3271.7741057739804 5775.165281414536 7735.779783036129 8177.185247323351 10229.096943131117 23249.895824011717 46386.98049004851 183179.43135415233 53092.68533346112 27714.465815597785 19169.649296852214 11117.962193459514 9634.665150458399 8495.92485945563 8107.2622099131995 5821.36363151513 4887.376411394159 4118.5994711981175 3423.7837182536314 2793.2599919882114 2239.8296488990354 3701.7511436744094 3841.4934473383987 4181.032886875027 3875.0110213241437 3395.9835352090868 1769.6982069527028 1338.4201968136697 2106.942960136755 3244.4024877819534 2325.1155439102085 1530.856982427689 1279.2393856840445 880.1534036002947 569.68453501687 418.9681496859849 520.9238092630982 576.9421208487681 517.2640436173959 667.8727435629485 584.9399846988542 444.1631218803859 571.4804730734348 564.1735877217149 1147.140451745232 1070.1984925534848 1044.1372426396276 1109.6679260927494 2458.353755188447 2863.420440237336 2474.4220555860356 779.4020525468793 472.34486585038314 258.4134554768611 238.64165887092022 219.90647938020882 177.91940764024335 287.609568317757 298.61333654308254 279.32982925864343 514.472517511431 416.41785248936344 
264.51280155643724 885.7590411696999 1810.606535284496 2576.343852031364 2730.902936463354 2412.5352231610896 4396.866366875557 2201.6244050038745 1843.5578903949984 1561.1297272833217 2295.668089942343 2911.558843719681 5263.551741464032 7183.259317235224 6875.4928210759135 7890.182970930796 19262.51349226402 28750.324981966274 53092.68533346112 179040.7485242143 48544.8713190155 24283.886791563757 13354.50653894381 11176.255613167512 9853.772292944603 8995.56975515098 6114.13954418645 5377.923861205972 4152.854694317551 3333.623732801836 2171.139032166286 2056.447775464286 3611.082727280939 4081.5846360742958 4505.303084718518 4155.664484827911 3595.4491740876506 1636.233685257234 1129.0355033619614 2268.2359478061885 3305.7894291108787 2435.571758337172 1397.276715683875 1215.1579674824109 921.0299315554164 531.3780301163714 323.06882589883537 459.72600743472907 495.0310825595567 476.65610204300094 684.1749552522211 566.2093162692958 387.7646503752132 537.6936212596764 488.1505041235276 1079.0089971037219 1008.2111885964232 944.6491419237725 1056.459704118197 2461.3178567542222 2827.5679858951917 2508.8291063776232 709.5023438182122 422.95071887878237 217.78707688631536 246.72770131947533 159.13944876559384 160.12970099671756 242.46980120164875 287.333437342261 273.63746678986246 492.32621240894395 372.0416668098451 
103.59195489496886 909.0255630379703 1600.384313617288 2691.5309918454855 2862.4060340975448 2240.939449262815 4177.398546444662 2005.116148789251 1619.8393211492892 1302.0342475878333 1968.160540835801 2722.667999480433 5208.865501594147 7378.636874500055 6576.203798178517 6795.49388464586 17869.10987692028 23319.59304883185 27714.465815597785 48544.8713190155 177502.01247527203 45542.50952263559 17903.432177513212 14325.288379270667 11949.796480241313 10934.308811762103 6823.686433841415 6089.210555946081 4447.908687087241 3542.255832938025 2059.5389345973895 2177.9037898039755 4064.8851613481474 4503.328248422553 4919.810519752163 4352.978545819804 3854.6780992908584 1671.749670418544 1059.1026004411963 2295.4388153103932 3267.9984970712057 2393.0522228629834 1372.0582859429392 1208.3945093505924 862.1950615354401 541.8123496901533 328.8861310213381 439.46198725090414 513.5150369512753 430.9278621836719 700.4611770399 624.2948305900256 381.54716483267975 513.4847299429151 427.3104724899327 1074.727615917556 923.5344368566183 997.6912865184952 1047.7145616996634 2677.0480426007025 3153.150026488155 2553.018676483476 656.5271829546825 333.8653428399546 193.54863063380324 231.58470530262935 171.81861413989805 147.6117742881896 197.67400577545493 279.29926741796373 271.00500018605703 495.1851316780542 328.8743190061575 
246.7925929840081 816.4635100141307 1571.9973716695251 2564.87065331606 2494.0296622779492 2236.486022660179 3923.6399168948283 1844.5842728238383 1698.9235998593083 1365.5786600675274 1930.3750210865337 2477.504627246518 4694.0047316343025 6312.385857996672 5983.5672281666375 6467.062877021858 16788.802603436543 18039.26492230063 19169.649296852214 24283.886791563757 45542.50952263559 161786.7151771913 37344.88620153623 22828.34607469325 18526.2799437992 18126.191296125464 10739.489149071213 9496.079683300743 6772.233747925695 5357.6363541655655 3109.0265922340977 2899.023719456269 4837.810495889686 5249.107878236622 5131.776805768514 4746.0767477182435 4121.490297410276 1892.147892712357 1143.634619510244 2359.3290258609704 3446.808439690532 2499.5343529945026 1377.2109172061296 1270.0395488372872 895.0510684395109 563.2530398774229 356.73333293356205 463.0578629578205 551.4048171601607 499.76844231317966 708.1105034516872 623.8894305784594 381.63626391414226 572.9328180819563 472.81718090678993 1121.5440246927774 980.1042391867074 982.9861602137116 1016.0293307501688 2565.086118966387 3011.175914273845 2504.9180580601715 731.7043490949474 343.64150275953614 182.09587364903786 260.6384805347106 167.8009300212474 163.38147576455566 214.5093948384352 309.55072855892496 251.37819547914162 541.4108417497929 369.9285026440569 
158.3366149995629 787.8664946618038 1204.2488353688148 2239.717455824663 2556.337837579977 2329.7505458713385 3538.3091494541463 1916.389245815943 1615.5552947791823 1309.775984971045 1942.0888476290593 2547.7502810485803 4465.313509276896 5454.248668410309 4964.74143991572 4876.224675594146 11338.92926116757 11116.213900033334 11117.962193459514 13354.50653894381 17903.432177513212 37344.88620153623 174758.1196363683 48761.86985942105 27871.855894524153 24136.263020135822 13372.439055322919 11534.332883251305 8138.10695652436 6275.494659791744 3585.3100053323515 3251.0766921531435 5367.563443672461 5343.713680315947 5419.64340573512 4768.933556843455 4483.124708620326 2020.1311442715414 1272.1769683551101 2631.8477866613207 3467.547855137312 2503.4727537348376 1443.0299432416455 1272.5103052014451 944.3419208823004 585.5541625396875 357.79752836878515 498.1050087411091 549.8017900017841 482.0815235524081 750.4988047361079 681.5803018237156 427.3768356608479 588.2513547526416 513.8359627275726 1148.8366218608821 1007.9109050093629 948.7095139239991 1026.7764139388448 2326.914652387861 2753.7913576572605 2372.8900754900824 693.1405137676674 435.11877978609596 242.34840526056647 264.45958068807965 207.70252265455457 172.83469244434303 231.30157342196756 315.5340336469968 277.19765413115886 498.48791194678074 352.0829798447738 
410.69752020416183 797.41358357145 1268.9670151367739 2545.4024991378383 2262.1633908012814 1860.91335313561 3575.4594170494674 1683.3734058379416 1424.1731155443247 1194.7864298331226 1833.1716185995117 2297.484923572565 4208.2612169617505 5574.426059728548 4535.850125307042 4447.501853376453 10352.307975518184 9739.793022479587 9634.665150458399 11176.255613167512 14325.288379270667 22828.34607469325 48761.86985942105 175954.26071262255 50123.845548050995 26087.656171744882 14206.416827366911 11517.751160770053 7892.515796877345 5829.363303130284 3295.400973387031 3154.813695449212 5556.3955520702775 5539.37726784364 5687.028342229999 4929.248889728862 4443.864536586566 1928.355199707444 1202.7421337953845 2415.682466794068 3380.937791749087 2495.9365270801027 1404.606205237114 1291.164363921586 919.578817478126 590.9179331989717 384.45638317296505 504.64650177529927 553.2244917226551 531.6167345820634 745.1617239611934 638.8548597295321 395.0584368221907 558.3478039034212 482.73881776825164 1163.30536604772 1045.4044657354573 1041.7014408838068 1021.1270989334515 2590.16119111208 3043.890320260989 2601.6495043354225 672.1639775749109 339.13509821817115 203.21425490393221 265.15067878315944 212.60645868872146 161.752569096643 224.98345366290954 284.84927278974453 289.0307510706429 490.79898585837316 373.4113464195118 
218.18984608107002 869.2855220563675 1322.3901841271538 2127.085127125277 2254.6384652965608 1754.0404450721996 3656.8758687406566 1700.2743787880056 1554.0975943131941 1251.9655477761344 1829.082066645705 2318.6194761290208 4209.598260215516 5201.525737635546 4596.341683745067 4499.962931842684 9532.33726880873 8769.490133760279 8495.92485945563 9853.772292944603 11949.796480241313 18526.2799437992 27871.855894524153 50123.845548050995 178570.68698114343 43575.7022388591 18630.460411096046 14315.818835717924 9561.746975007827 7104.794578319737 3969.9071702351266 3541.151484037334 5892.754170742046 5768.946137634934 5736.717637283259 5079.348578024792 4546.353534628086 2028.419333413539 1289.8765059252542 2524.815088039707 3450.2145029899284 2549.331887411571 1420.668280911349 1258.397977582567 920.0589757948011 621.385812868899 345.33838409146927 511.73802778971054 590.7584076496266 516.5816920125246 765.290279113175 668.1313826110663 405.80379612979254 551.2620793245165 483.0674769852514 1155.6108308358878 1034.2448137660176 1050.690222337273 1072.0004662091183 2433.2873433398695 2724.2365996410754 2466.7610775458897 744.5877849039148 409.87717195893777 228.87717556971074 261.7578695714149 204.54752794845356 156.4186922001255 241.0444600538983 338.8959243992036 260.44217204195945 506.3744909873962 382.5135443786703 
103.75932040822737 659.3233900934655 912.4598067822665 1876.5884398355422 1818.4625730885302 1486.2626774698444 3139.9887184373465 1759.1224900227655 1560.2677620095424 1307.4732345713005 1899.591084880145 2534.1261798762444 4123.722151218371 4753.94318456777 4582.523748111652 4901.023819184313 10468.929738432516 8796.190418990009 8107.2622099131995 8995.56975515098 10934.308811762103 18126.191296125464 24136.263020135822 26087.656171744882 43575.7022388591 163749.27406194853 43379.02753506652 24083.734124272658 14255.420674082612 9933.143969017949 5274.152681898945 4458.672462642283 6614.497420443177 6174.633177328347 5450.356323723397 5153.228981352621 4859.162818851362 2308.276361515248 1369.057927820329 2792.622913219515 3396.179914674099 2477.6999505854305 1457.5948290559602 1330.7586808622666 987.702750170433 602.3011371490729 423.39835818630115 537.1261752729906 541.3664150593783 540.9076224281289 859.204982123093 667.9377819965804 439.06140770512246 566.2450945768437 554.7783464638427 1203.6138686310114 1043.3085996647806 1024.979006006509 1078.2145316003982 2306.913980833557 2607.16841859559 2308.8770427165623 810.3712532010434 470.19893459032687 205.36158071385032 322.9427215302868 213.78410955550052 175.39999696363023 250.096891433971 303.0630521239322 290.02067911063773 488.7969732317731 358.59349874017516 
52.67407059092898 403.7767319585652 801.2384016601097 1133.9000247558038 1218.083646609656 1093.2704345922746 2555.032163172967 2086.1877149394018 2027.2730962063852 1819.660137851798 2368.1546968064945 2996.273778415756 3333.95839475154 3656.1443624673607 4330.103737606874 5293.128391316987 7252.078444002266 5767.670853947355 5821.36363151513 6114.13954418645 6823.686433841415 10739.489149071213 13372.439055322919 14206.416827366911 18630.460411096046 43379.02753506652 184255.1548199189 50330.57399847621 23205.137234940106 15855.01241428164 9168.680844809309 7034.749692604946 7281.484841250328 5882.394999228214 4816.550466731173 4459.497837597296 4409.182546735456 3102.9262985422506 2209.5902315116227 3351.5998113937167 3435.705771633019 2766.591788685612 1870.2774158580648 1565.08343494353 1215.676245458283 828.5835902603296 549.8944026471712 676.2745557804593 813.6045846108746 759.9152744134143 944.5953734369515 812.1497079387585 589.2443881998487 827.3919879213116 790.848242806685 1417.877693710882 1302.5502016380135 1301.3639523929708 1291.1066776817559 1816.2010867952026 2028.7523080860867 1881.6871865076978 1039.7425100521623 616.210347041712 375.31114586966953 341.0845238365462 261.55451821652775 229.367076892793 322.2173580235629 409.58555791858345 403.44388129087434 576.5625702024112 518.6087113174815 
93.94631701634208 388.5030483321335 736.8491714227484 1147.9357717801734 1004.9955534928094 837.6295150126608 2339.714621092274 1981.1026644193723 1946.6183120071773 1662.984375679367 2502.6959960317486 2900.6127105721484 3125.243891327635 3351.3965187287627 4149.133081068994 5110.95174798402 7144.152403179595 5112.123512233452 4887.376411394159 5377.923861205972 6089.210555946081 9496.079683300743 11534.332883251305 11517.751160770053 14315.818835717924 24083.734124272658 50330.57399847621 174461.65536141902 49998.322097441225 24404.715904228487 11633.850636564388 9118.090833347938 8592.03265516103 6361.961280459411 4982.076883709083 4412.954120814181 4757.281252251654 3412.59762296698 2220.6025386632978 3806.8709890483024 3491.6623242570254 2845.9715717909953 1914.173105102294 1700.2097018358868 1326.799345972623 870.1223387336452 517.573920266869 776.0173974220297 752.5453425614767 790.753211110224 1103.98954670633 908.0707809250224 666.2828522736323 825.5527185210136 742.905096265962 1544.427640315406 1481.031336408774 1390.2031300261992 1435.4867140484118 1787.4887035791282 1915.3158838327213 1923.0497129715304 1105.7367782071267 615.593907854468 365.9290878813362 384.73752698525766 258.4100067656782 266.0717910678707 303.64089955879604 377.18660973260535 405.56924591007254 631.3118917682604 522.8852297757994 
204.3755743632001 329.8221270331654 510.0387704378768 739.2662918873925 730.3233163255805 746.8121535123155 1856.9380002383707 1800.9789029938727 2145.8219839943495 1912.8911885272898 2563.5446508414043 3192.0533098486026 2969.494939314919 2786.941653170896 4007.2620858215037 4953.166577205485 5692.849897283975 4146.3758263741065 4118.5994711981175 4152.854694317551 4447.908687087241 6772.233747925695 8138.10695652436 7892.515796877345 9561.746975007827 14255.420674082612 23205.137234940106 49998.322097441225 191881.4982929648 51034.77864566301 18973.009640446417 13406.714271003799 9784.756973144262 6155.3677368118415 4630.712431600417 4285.157617201615 4723.79151323664 4009.411948338982 2841.8328108350715 4117.5116941131855 3315.1539706768363 2873.585530728026 1988.172898288324 1840.160330250013 1424.703926943224 1026.421873251453 622.1386817664991 889.9269130660159 918.5887687252365 938.8085507117676 1188.9799157838233 1067.7098405848446 759.2882799183169 1028.785784413562 867.0093417874158 1602.4438980189623 1578.0989565619593 1427.1950108387005 1534.057539663925 1554.9537132884027 1636.1498250806048 1721.3230818370564 1180.3708230982772 713.2664513268935 403.69336521970365 479.5388705175793 311.6082970290254 274.9423713773054 348.00467239368805 436.22958657729276 472.658502194525 683.1542663338593 496.8910873209295 
