878360.0395667464 15569.646376932611 29856.764771899263 4193.796761821561 1082.2517023226067 945.2073162814621 1595.6400672596776 2319.2096490702484 1609.1955363209102 2409.8568915680275 2462.8322394474685 2204.178705739059 2366.8622415635446 1438.7390414364704 1031.2276282219984 717.1761241913193 1210.2909102417127 2270.952401744298 1983.4451286620044 726.1990397435949 1641.2660334375064 1290.425390653612 718.8836057783438 448.7194817940702 349.2528315918093 538.1490103914792 393.25205505768815 389.7518447239297 1106.3553620484154 1004.422936719197 3244.9347422897013 1740.8527033428395 241.8753059197693 261.18902961065385 258.7311965459173 405.6036108549571 580.4149200341664 
15569.646376932611 710451.5042290264 110120.43922335216 19447.44289767912 4592.297490989701 3178.1289905660633 5767.945581744006 8185.619971078255 5209.520266242773 8843.84746940701 8157.412447209115 7306.02759894682 7154.368808544647 4588.249124983673 2964.0986346253917 1215.4440355477702 2424.849638043668 6303.536035058908 6014.187917377276 1205.4099599467597 3929.38388852951 2955.179000239092 1724.6375142104753 604.6621785694082 694.2598293151319 909.5089744958153 672.3914403067512 710.911212368629 1754.0663586167725 1612.666890806784 7955.519378512422 3796.7890221613075 510.398473785626 381.6362525646752 443.10389608191844 633.5028359871601 861.9457391150847 
29856.764771899263 110120.43922335216 711714.0358214026 15251.535737563334 3723.0425153658025 2571.64742401291 4746.795271950364 7426.349320489908 4329.153500768392 7817.859952066066 7807.745426613557 6982.781979837048 6316.296697977237 4225.183076522021 2445.7355691634143 1199.7474933432104 2091.4152056234193 6028.153008297577 5419.161620257455 1374.689316859189 3973.8719527581356 2563.483617870681 1457.9831067306086 607.6710973136247 676.2828899023065 961.1767958245566 589.5130110405746 678.6194515583902 1428.6850302743953 1567.049947209512 6812.756647685915 3362.3269936434494 450.8708134356065 425.37795502250304 395.7261586348815 590.8244724911924 799.3398442725935 
4193.796761821561 19447.44289767912 15251.535737563334 618807.1809064455 55051.18083304486 19969.850257173184 27926.15125047844 27069.05879802837 13695.739960371226 15546.279537306795 13784.067505058789 12228.756326154795 11457.052857552182 8805.287427834777 6362.035326326319 3451.9219710053794 6405.606843048528 11850.994738835487 11604.673061134403 3641.204596810129 9585.30148221055 6653.417082924717 3795.8340531864587 1200.3573577379295 1471.350741575766 1805.3914689561614 1425.2604397857965 1723.277015570456 4435.184692866703 3800.588196958264 13905.292988169038 7344.227693703282 1057.5180882190914 641.1008125551689 625.1450085386828 880.0156183586708 1704.6067514100355 
1082.2517023226067 4592.297490989701 3723.0425153658025 55051.18083304486 435830.2265905818 191735.83330512443 59314.47804098335 23789.855730651594 18786.754053062505 8277.819395766319 6792.053869259926 6314.218086045268 5730.129635434822 6740.934299559817 7437.368861297258 11155.029117390559 9663.877518761614 6026.313211741688 6118.796859973291 11402.525483812353 8064.56251904114 8437.730151833624 7442.519919392381 4703.352037120964 4493.01061807404 4108.732917173224 4171.910411510714 5402.332122278919 6418.929841643767 8290.387364671202 6044.07449397705 6580.882957458779 3992.098237678977 2089.301810284884 2032.8566905287485 2404.393353060637 3076.1932694648563 
945.2073162814621 3178.1289905660633 2571.64742401291 19969.850257173184 191735.83330512443 440426.662942465 97643.0607044209 27203.47235678715 18490.04049892348 7967.040431406824 6719.3922684714435 6127.824451507856 5774.107077590295 6948.285646190506 8174.283247413896 10621.577358651732 9380.657457385727 5710.505047543704 6069.5562618550875 10196.660824465665 7949.6228323403175 7745.128748654069 7004.129250150102 4482.070742413045 4390.785155728619 4223.644321083103 4148.753100810707 5146.235592972394 6097.927763268112 7179.139248352828 4902.961822970228 5825.040832036626 3744.4689992277727 2119.689947941464 1753.4288591215718 2171.534522578696 2771.4828669332287 
1595.6400672596776 5767.945581744006 4746.795271950364 27926.15125047844 59314.47804098335 97643.0607044209 419014.7801117143 99114.17870397652 31276.194745895056 18320.02680302978 15103.604970258908 13198.84596868317 12255.908430213254 12267.236088655274 11718.956810937378 9603.853556009402 11500.496004441595 11702.051251534876 11568.255107333796 9748.540807840558 11668.874566399767 8916.272284731418 6712.919747544041 3291.7902734737745 3359.3733290941964 3664.8878798409905 3197.2508226336995 3913.4825380107072 6192.112309818032 6961.787890096277 9179.489445042336 7195.175590762981 2507.0363802715838 1556.8425898423493 1367.966372531798 1915.4427542053859 2628.2331767795463 
2319.2096490702484 8185.619971078255 7426.349320489908 27069.05879802837 23789.855730651594 27203.47235678715 99114.17870397652 393875.4529716655 91302.62642812291 35079.267384931445 26643.718055667287 21482.11139454386 18896.48219473886 16529.36692023329 13923.236926123045 10061.436482079367 13691.970153684408 16300.211713041153 15688.638157028574 9150.238169887945 13423.191888797848 10180.42240813889 6650.63728244003 2719.9829567032875 2908.0976198119615 3425.6080096568908 2915.2297457430864 3165.7877321586816 6633.7031851985075 7040.821162070455 13354.159368256385 8796.394531990223 2004.661213459095 1252.2943325373826 1167.771451234163 1781.1857142836013 2530.968079445311 
1609.1955363209102 5209.520266242773 4329.153500768392 13695.739960371226 18786.754053062505 18490.04049892348 31276.194745895056 91302.62642812291 383897.4965484765 79645.49073875726 46317.247877578506 35228.60163441775 26032.079125780605 25387.35503584545 21419.191710068426 20122.51870575964 16355.294984129412 14197.508396210866 13103.936048442349 11646.336708878673 11875.15178299326 10081.800993013243 7292.578712619206 3667.0464228571527 3677.294626897145 3863.718495537652 3481.7979399406913 4147.386395424911 6443.11139395573 7725.141415797654 9301.153654123495 7371.984338755711 2813.9074631961735 1539.084699999795 1459.9645469059683 2084.4878344464455 2745.018248708209 
2409.8568915680275 8843.84746940701 7817.859952066066 15546.279537306795 8277.819395766319 7967.040431406824 18320.02680302978 35079.267384931445 79645.49073875726 395697.11395291745 128102.63073844243 57375.75777756117 35511.10684649091 27427.217719462154 17763.341631067316 10630.886557732518 11323.419193896501 16551.279273538243 14595.849163117467 5807.001005105561 10665.257145926602 7360.6019417197385 4269.734823849686 1787.214748204809 2048.2708166412594 2266.365058489898 1856.7745840507694 2034.9292047697493 4274.599857848287 4078.256070389221 11207.223683066162 6072.7008327888525 1255.6052226388088 860.2870844255988 779.6347547551759 1121.1314252082989 1686.788750758813 
2462.8322394474685 8157.412447209115 7807.745426613557 13784.067505058789 6792.053869259926 6719.3922684714435 15103.604970258908 26643.718055667287 46317.247877578506 128102.63073844243 390507.4628358208 98082.7727965712 45854.89124778549 31621.632406672165 19535.028726190252 10491.533228186052 11322.793789244257 17427.335982690052 15185.579548698235 5330.696836917834 10603.893107552592 7119.804872296943 4102.32925978378 1676.3673194751743 1879.4925338386274 2221.2239896691317 1852.245831981654 1893.84508702643 3961.1870629966043 3895.5964669606965 10828.93725264912 5741.681543692172 1110.2526192828777 796.0093032044763 719.6621563233193 1095.832477068473 1537.10540287248 
2204.178705739059 7306.02759894682 6982.781979837048 12228.756326154795 6314.218086045268 6127.824451507856 13198.84596868317 21482.11139454386 35228.60163441775 57375.75777756117 98082.7727965712 353568.9461949136 112541.30852768276 62991.42244332496 34587.48980350236 17058.591226591314 15402.643114100196 20301.429994372076 17110.35399728477 6075.757497659729 11234.94851870436 7258.831360863849 4234.403762279805 1794.290298984171 2013.2067475067047 2346.338584890819 1975.5838983775927 2049.3491476519284 4089.8968675715305 3792.7309469886154 10294.775087094218 5599.882915904351 1129.85197678799 876.190433176461 746.0428982491649 1127.2838177628582 1590.8447020189756 
2366.8622415635446 7154.368808544647 6316.296697977237 11457.052857552182 5730.129635434822 5774.107077590295 12255.908430213254 18896.48219473886 26032.079125780605 35511.10684649091 45854.89124778549 112541.30852768276 391748.9470294413 98193.66179215167 42156.15449706981 18977.042998573328 17274.572846617277 22062.307760884352 18135.34452149279 6262.840667515406 11235.043869567133 7380.996627731167 4290.474043444361 1890.8196153294477 2131.341184740103 2490.7485410801078 1992.7035220193854 2003.6759025443387 4274.770016058721 4035.3328874317035 10542.66899505662 5812.461624103243 1125.0092643982516 928.7776479537457 756.2709834580546 1158.999163732633 1602.5207851501964 
1438.7390414364704 4588.249124983673 4225.183076522021 8805.287427834777 6740.934299559817 6948.285646190506 12267.236088655274 16529.36692023329 25387.35503584545 27427.217719462154 31621.632406672165 62991.42244332496 98193.66179215167 373666.31200325105 108947.69321979105 37587.92295784545 24195.591923472966 21624.88850947947 18015.591959613863 8669.083464417423 12367.391553395584 8028.120139320552 4947.717355133724 2326.7150126285796 2515.9219842020098 3005.5327042919034 2360.2295188557127 2622.6715308899043 4792.282811299305 4496.47337311708 8502.885425242794 5470.743444445515 1575.959251335068 1114.6715598694902 935.9450792686283 1378.8322912245715 1768.3446275885374 
1031.2276282219984 2964.0986346253917 2445.7355691634143 6362.035326326319 7437.368861297258 8174.283247413896 11718.956810937378 13923.236926123045 21419.191710068426 17763.341631067316 19535.028726190252 34587.48980350236 42156.15449706981 108947.69321979105 403076.289112519 97244.40067489215 39421.91419339042 21667.908562618348 17634.57092229048 12098.541949229135 14230.902432190027 9111.732772658292 6146.339055679758 2948.5080590137077 3283.02348199731 3924.9920871742975 3220.013436187823 3335.0672098180294 6039.435395532969 5583.052413670451 6767.530932112369 5497.167158467696 2001.054036652213 1410.3438689268712 1151.6611540303716 1667.5822127450306 2138.2260310266106 
717.1761241913193 1215.4440355477702 1199.7474933432104 3451.9219710053794 11155.029117390559 10621.577358651732 9603.853556009402 10061.436482079367 20122.51870575964 10630.886557732518 10491.533228186052 17058.591226591314 18977.042998573328 37587.92295784545 97244.40067489215 473715.730117853 86356.78394079581 15796.79768656743 12088.850240790141 23062.86901753257 10335.136369905424 10145.749159697123 8294.323908715565 6739.201144368814 6178.196435843186 4926.956473359679 5382.035490491326 6246.060050454028 6329.406042668648 7262.692414318225 3977.5580505163316 5384.129882525321 4804.631047611591 2601.108130207738 2353.443678520187 2453.9247328600536 2920.4471442919585 
1210.2909102417127 2424.849638043668 2091.4152056234193 6405.606843048528 9663.877518761614 9380.657457385727 11500.496004441595 13691.970153684408 16355.294984129412 11323.419193896501 11322.793789244257 15402.643114100196 17274.572846617277 24195.591923472966 39421.91419339042 86356.78394079581 413074.9358726063 74242.1511990866 38568.881185880266 37882.58507944303 19987.400098705326 13897.260855801123 11862.149821672136 6215.232036688644 5478.285362385854 5652.100012268972 5467.485579933097 6082.454216269077 8227.269813087429 9772.729542123767 9273.438801516491 8687.832485902389 4046.7937265915384 2411.8266761782893 2048.2125708780686 2689.8778739648333 3577.696761805837 
2270.952401744298 6303.536035058908 6028.153008297577 11850.994738835487 6026.313211741688 5710.505047543704 11702.051251534876 16300.211713041153 14197.508396210866 16551.279273538243 17427.335982690052 20301.429994372076 22062.307760884352 21624.88850947947 21667.908562618348 15796.79768656743 74242.1511990866 390873.67267860635 133883.0499123281 37887.886675811686 29333.223921705947 15747.22736108213 8499.78510864918 2947.1180528994314 2912.795008593677 3543.247929374704 2777.676777672114 2714.5558918694915 6456.582265927284 6389.721716111102 16690.7367100681 9239.637277186537 1715.3926121120396 1270.6238498383368 1123.583786572797 1674.7110513124126 2276.5513821216364 
1983.4451286620044 6014.187917377276 5419.161620257455 11604.673061134403 6118.796859973291 6069.5562618550875 11568.255107333796 15688.638157028574 13103.936048442349 14595.849163117467 15185.579548698235 17110.35399728477 18135.34452149279 18015.591959613863 17634.57092229048 12088.850240790141 38568.881185880266 133883.0499123281 410107.4682172107 63432.64967075278 38492.59587446993 18373.352006461337 9657.474756622518 3313.8470643120572 3336.6495119849174 4095.977443679103 3183.464777186317 3069.134700329581 7170.9541243948215 6914.808859803283 16157.934188334879 9289.880739372133 1805.1714014637278 1363.221628392473 1213.516863464449 1762.0788608853904 2447.7939133516165 
726.1990397435949 1205.4099599467597 1374.689316859189 3641.204596810129 11402.525483812353 10196.660824465665 9748.540807840558 9150.238169887945 11646.336708878673 5807.001005105561 5330.696836917834 6075.757497659729 6262.840667515406 8669.083464417423 12098.541949229135 23062.86901753257 37882.58507944303 37887.886675811686 63432.64967075278 449161.69396764995 84135.16091665997 33339.002499799586 23380.01211765074 13959.787114405392 9777.346914988579 7767.5276181073195 8629.00685311314 10353.993367260051 9838.896195575462 13355.37740522889 6565.164478142691 8973.068171955687 6713.1536348501295 3580.0843737758946 3352.7474362504313 3520.897132847957 4640.064242241371 
1641.2660334375064 3929.38388852951 3973.8719527581356 9585.30148221055 8064.56251904114 7949.6228323403175 11668.874566399767 13423.191888797848 11875.15178299326 10665.257145926602 10603.893107552592 11234.94851870436 11235.043869567133 12367.391553395584 14230.902432190027 10335.136369905424 19987.400098705326 29333.223921705947 38492.59587446993 84135.16091665997 414672.6855729181 101544.31628710046 29120.060044471567 7565.193142884829 6671.094033074434 8047.175838996425 6377.420584498607 5704.914860576022 12296.933171997433 10865.022325648179 16082.956956544069 11058.958561142985 3040.346587105935 2136.7953309635886 1632.761623388061 2576.441817881237 3443.7699136742194 
1290.425390653612 2955.179000239092 2563.483617870681 6653.417082924717 8437.730151833624 7745.128748654069 8916.272284731418 10180.42240813889 10081.800993013243 7360.6019417197385 7119.804872296943 7258.831360863849 7380.996627731167 8028.120139320552 9111.732772658292 10145.749159697123 13897.260855801123 15747.22736108213 18373.352006461337 33339.002499799586 101544.31628710046 456567.8280947702 87122.05403422641 16785.923596314136 11300.86698185748 10025.178836172003 8867.450066560632 9023.550264831696 13166.289696028924 13336.39101648159 13406.607525586502 11364.221871178557 5009.933833243842 2987.081017455752 2462.2744168599834 3263.6182461399394 4191.92686067456 
718.8836057783438 1724.6375142104753 1457.9831067306086 3795.8340531864587 7442.519919392381 7004.129250150102 6712.919747544041 6650.63728244003 7292.578712619206 4269.734823849686 4102.32925978378 4234.403762279805 4290.474043444361 4947.717355133724 6146.339055679758 8294.323908715565 11862.149821672136 8499.78510864918 9657.474756622518 23380.01211765074 29120.060044471567 87122.05403422641 463035.4948404166 83574.98195484292 27671.852476796805 19468.07509911931 17680.673906091706 16465.519431047847 17957.178031940985 19151.619386465834 10138.439770486808 13274.491657652929 7892.083506626738 5190.368168701118 3786.14807278196 5467.12267931579 6743.682359398282 
448.7194817940702 604.6621785694082 607.6710973136247 1200.3573577379295 4703.352037120964 4482.070742413045 3291.7902734737745 2719.9829567032875 3667.0464228571527 1787.214748204809 1676.3673194751743 1794.290298984171 1890.8196153294477 2326.7150126285796 2948.5080590137077 6739.201144368814 6215.232036688644 2947.1180528994314 3313.8470643120572 13959.787114405392 7565.193142884829 16785.923596314136 83574.98195484292 576479.8971768395 78350.51688826198 23691.469325171507 23343.674409681207 19770.81594919137 10950.99099385856 11765.575394911702 3545.8305684325505 7302.171435501714 10382.42471372632 7525.527142105501 6448.562128100314 5651.985727416845 5835.5076280659805 
349.2528315918093 694.2598293151319 676.2828899023065 1471.350741575766 4493.01061807404 4390.785155728619 3359.3733290941964 2908.0976198119615 3677.294626897145 2048.2708166412594 1879.4925338386274 2013.2067475067047 2131.341184740103 2515.9219842020098 3283.02348199731 6178.196435843186 5478.285362385854 2912.795008593677 3336.6495119849174 9777.346914988579 6671.094033074434 11300.86698185748 27671.852476796805 78350.51688826198 529453.99163418 100068.77966288831 52340.2450340154 25311.894335798537 14290.233807114953 12057.913815026084 4319.244409500442 7650.907584825174 8857.309205881882 7109.352062335743 5632.337001559992 5809.179666278628 5722.190409570852 
538.1490103914792 909.5089744958153 961.1767958245566 1805.3914689561614 4108.732917173224 4223.644321083103 3664.8878798409905 3425.6080096568908 3863.718495537652 2266.365058489898 2221.2239896691317 2346.338584890819 2490.7485410801078 3005.5327042919034 3924.9920871742975 4926.956473359679 5652.100012268972 3543.247929374704 4095.977443679103 7767.5276181073195 8047.175838996425 10025.178836172003 19468.07509911931 23691.469325171507 100068.77966288831 491082.0869051764 142411.52322875074 29108.36978719722 20910.32104358757 13914.040531449036 6506.571828541318 8719.69014588084 7385.791869412809 5593.380690877603 4014.3691470123235 5106.815989120009 5096.674357239188 
393.25205505768815 672.3914403067512 589.5130110405746 1425.2604397857965 4171.910411510714 4148.753100810707 3197.2508226336995 2915.2297457430864 3481.7979399406913 1856.7745840507694 1852.245831981654 1975.5838983775927 1992.7035220193854 2360.2295188557127 3220.013436187823 5382.035490491326 5467.485579933097 2777.676777672114 3183.464777186317 8629.00685311314 6377.420584498607 8867.450066560632 17680.673906091706 23343.674409681207 52340.2450340154 142411.52322875074 443209.0625872397 117249.56960473543 27571.131215975158 17139.32336218881 5813.791458924758 9493.280616140291 9863.461132081964 7242.638062652876 5538.353744848291 5970.267310326638 6267.487157189247 
389.7518447239297 710.911212368629 678.6194515583902 1723.277015570456 5402.332122278919 5146.235592972394 3913.4825380107072 3165.7877321586816 4147.386395424911 2034.9292047697493 1893.84508702643 2049.3491476519284 2003.6759025443387 2622.6715308899043 3335.0672098180294 6246.060050454028 6082.454216269077 2714.5558918694915 3069.134700329581 10353.993367260051 5704.914860576022 9023.550264831696 16465.519431047847 19770.81594919137 25311.894335798537 29108.36978719722 117249.56960473543 495919.70093858684 86328.213351277 31004.42138820349 6774.513741164899 12293.306779233648 13603.538148875154 8978.718899536894 6582.496062114234 6676.62139866888 7050.825965223448 
1106.3553620484154 1754.0663586167725 1428.6850302743953 4435.184692866703 6418.929841643767 6097.927763268112 6192.112309818032 6633.7031851985075 6443.11139395573 4274.599857848287 3961.1870629966043 4089.8968675715305 4274.770016058721 4792.282811299305 6039.435395532969 6329.406042668648 8227.269813087429 6456.582265927284 7170.9541243948215 9838.896195575462 12296.933171997433 13166.289696028924 17957.178031940985 10950.99099385856 14290.233807114953 20910.32104358757 27571.131215975158 86328.213351277 464568.45840993366 102363.94968438058 27274.185735663377 25114.32031313032 11669.50634434667 6445.534767893873 4480.754276887371 6772.384670147146 7683.925317166588 
1004.422936719197 1612.666890806784 1567.049947209512 3800.588196958264 8290.387364671202 7179.139248352828 6961.787890096277 7040.821162070455 7725.141415797654 4078.256070389221 3895.5964669606965 3792.7309469886154 4035.3328874317035 4496.47337311708 5583.052413670451 7262.692414318225 9772.729542123767 6389.721716111102 6914.808859803283 13355.37740522889 10865.022325648179 13336.39101648159 19151.619386465834 11765.575394911702 12057.913815026084 13914.040531449036 17139.32336218881 31004.42138820349 102363.94968438058 447067.6641661917 69443.3126338547 48260.16294317396 18183.65755932382 8620.608019481082 6422.560275013796 8880.351484521754 10672.43410148878 
3244.9347422897013 7955.519378512422 6812.756647685915 13905.292988169038 6044.07449397705 4902.961822970228 9179.489445042336 13354.159368256385 9301.153654123495 11207.223683066162 10828.93725264912 10294.775087094218 10542.66899505662 8502.885425242794 6767.530932112369 3977.5580505163316 9273.438801516491 16690.7367100681 16157.934188334879 6565.164478142691 16082.956956544069 13406.607525586502 10138.439770486808 3545.8305684325505 4319.244409500442 6506.571828541318 5813.791458924758 6774.513741164899 27274.185735663377 69443.3126338547 468711.2212262497 118715.44283410332 9221.318663750995 4722.994886443873 3527.0952797133345 5470.770033028236 7025.007465817875 
1740.8527033428395 3796.7890221613075 3362.3269936434494 7344.227693703282 6580.882957458779 5825.040832036626 7195.175590762981 8796.394531990223 7371.984338755711 6072.7008327888525 5741.681543692172 5599.882915904351 5812.461624103243 5470.743444445515 5497.167158467696 5384.129882525321 8687.832485902389 9239.637277186537 9289.880739372133 8973.068171955687 11058.958561142985 11364.221871178557 13274.491657652929 7302.171435501714 7650.907584825174 8719.69014588084 9493.280616140291 12293.306779233648 25114.32031313032 48260.16294317396 118715.44283410332 422205.26244517457 87475.53998674251 17378.831364310645 9788.8944369441 12730.759776502107 12803.139300085904 
241.8753059197693 510.398473785626 450.8708134356065 1057.5180882190914 3992.098237678977 3744.4689992277727 2507.0363802715838 2004.661213459095 2813.9074631961735 1255.6052226388088 1110.2526192828777 1129.85197678799 1125.0092643982516 1575.959251335068 2001.054036652213 4804.631047611591 4046.7937265915384 1715.3926121120396 1805.1714014637278 6713.1536348501295 3040.346587105935 5009.933833243842 7892.083506626738 10382.42471372632 8857.309205881882 7385.791869412809 9863.461132081964 13603.538148875154 11669.50634434667 18183.65755932382 9221.318663750995 87475.53998674251 561467.7949232564 104560.30659910849 29975.651993365587 17481.412558200645 12732.906715985775 
261.18902961065385 381.6362525646752 425.37795502250304 641.1008125551689 2089.301810284884 2119.689947941464 1556.8425898423493 1252.2943325373826 1539.084699999795 860.2870844255988 796.0093032044763 876.190433176461 928.7776479537457 1114.6715598694902 1410.3438689268712 2601.108130207738 2411.8266761782893 1270.6238498383368 1363.221628392473 3580.0843737758946 2136.7953309635886 2987.081017455752 5190.368168701118 7525.527142105501 7109.352062335743 5593.380690877603 7242.638062652876 8978.718899536894 6445.534767893873 8620.608019481082 4722.994886443873 17378.831364310645 104560.30659910849 576338.8854862744 124074.12051450157 29534.182223736287 16678.204214948415 
258.7311965459173 443.10389608191844 395.7261586348815 625.1450085386828 2032.8566905287485 1753.4288591215718 1367.966372531798 1167.771451234163 1459.9645469059683 779.6347547551759 719.6621563233193 746.0428982491649 756.2709834580546 935.9450792686283 1151.6611540303716 2353.443678520187 2048.2125708780686 1123.583786572797 1213.516863464449 3352.7474362504313 1632.761623388061 2462.2744168599834 3786.14807278196 6448.562128100314 5632.337001559992 4014.3691470123235 5538.353744848291 6582.496062114234 4480.754276887371 6422.560275013796 3527.0952797133345 9788.8944369441 29975.651993365587 124074.12051450157 556912.728356932 125299.28536534886 35727.03625923178 
405.6036108549571 633.5028359871601 590.8244724911924 880.0156183586708 2404.393353060637 2171.534522578696 1915.4427542053859 1781.1857142836013 2084.4878344464455 1121.1314252082989 1095.832477068473 1127.2838177628582 1158.999163732633 1378.8322912245715 1667.5822127450306 2453.9247328600536 2689.8778739648333 1674.7110513124126 1762.0788608853904 3520.897132847957 2576.441817881237 3263.6182461399394 5467.12267931579 5651.985727416845 5809.179666278628 5106.815989120009 5970.267310326638 6676.62139866888 6772.384670147146 8880.351484521754 5470.770033028236 12730.759776502107 17481.412558200645 29534.182223736287 125299.28536534886 533148.223851935 134911.72150294224 
580.4149200341664 861.9457391150847 799.3398442725935 1704.6067514100355 3076.1932694648563 2771.4828669332287 2628.2331767795463 2530.968079445311 2745.018248708209 1686.788750758813 1537.10540287248 1590.8447020189756 1602.5207851501964 1768.3446275885374 2138.2260310266106 2920.4471442919585 3577.696761805837 2276.5513821216364 2447.7939133516165 4640.064242241371 3443.7699136742194 4191.92686067456 6743.682359398282 5835.5076280659805 5722.190409570852 5096.674357239188 6267.487157189247 7050.825965223448 7683.925317166588 10672.43410148878 7025.007465817875 12803.139300085904 12732.906715985775 16678.204214948415 35727.03625923178 134911.72150294224 477285.8628216759 
