760830.8283323379 179358.01263015176 53768.105514462324 23439.30881421235 14918.902342012547 11028.043509016044 8990.312495273143 7647.215204502884 5213.253046280697 4342.934004955949 5177.502306072254 5497.283228926261 5480.056623385228 6355.90290787198 5285.701177204668 4830.573043420942 4680.483593659338 4206.851030646791 3457.0944586979326 2682.6728436537323 3312.222407761322 2678.2544879750403 2447.1161107050066 2289.1016513333657 3871.9916336147908 5156.563389100358 4297.412916596376 3742.8402796689243 4254.4724498048445 5070.125835842941 4042.0773435714023 2662.2856832982616 2440.4538427473135 2779.06122147891 3045.89328284931 2999.8701779785692 3200.122574252704 3345.622977666719 3341.8927570257847 3638.4159168069045 3913.569934464357 4354.2714156430375 3251.5497851578966 3452.7730437340197 3415.910172558617 2674.911890198852 2433.4666796577944 2036.3584789405622 1066.4069916844521 1177.233628065182 1134.6833681877251 1475.8174915399152 2585.362674951277 2062.1008777728293 1147.6813791508887 1015.658560900289 1971.9785250806697 1378.3716029606128 1283.3802633382963 240.75683243707383 539.2590500519897 647.7721840508358 1259.9595170264058 508.0301475816281 525.9188048313517 486.66060202685213 558.4327174383661 561.2842130565322 1050.923446704446 1023.9454607612305 630.6840868413598 1099.6967757812101 1143.5534639442324 658.3939002999671 963.5148407293375 446.79079473311685 472.2625840059852 619.546262849438 757.8983406382889 389.32930989468133 508.48120006545054 751.753622037865 741.7774993071686 669.779855699325 774.9816647623067 673.3414116262926 1282.4017188045282 1296.0764262357557 1398.978171740629 708.3094458400623 580.518160389608 363.74055665771044 368.6986941160959 318.46289612853315 411.99651150819153 649.3159234596272 363.3523752484006 656.9644515817455 556.3091866281846 459.4220616165152 387.87441806288354 324.40372590954297 335.3432986750886 852.099731878592 1454.257326980153 1721.1414838851315 1855.377714050247 1770.4412996526016 1498.4931797315055 1436.9408654351782 778.154194276744 705.8545511539073 507.6958856221579 410.7258076274078 844.8293789202608 588.900490405924 554.9418324701886 712.18648696034 278.5221984249134 347.5566354402405 391.86268080698164 375.39839399363785 352.1246924478976 487.81345420108636 660.9687150607467 437.371694926259 455.4650336936239 586.5416922927459 903.8251419870962 835.9780894263523 779.0231602142911 666.7743639112055 942.9383875616202 1215.766884318867 1046.6199898431314 1638.2229618315462 1462.1811144801393 882.3579263382636 407.54883343892766 393.244788031622 412.27855143333403 817.1955514369836 938.1112653889426 543.3227635145918 477.6346767324849 482.28533882015137 604.1407523066604 1488.9950030845557 1555.0043590796981 1199.4712787244357 697.5600141446233 530.6267942808006 724.8162752094629 1039.5085191722244 856.74627498597 1380.6300326161836 1685.1396472569254 1707.4249696442744 1254.266789505611 803.8647702848867 479.7112056312562 495.71297012055015 548.2420553841108 421.296508039774 1088.7680883870687 2014.919320886041 1294.3079457206952 980.1618525989917 2350.4642060861524 
179358.01263015176 544361.825255954 206489.27647115878 39128.55180225237 22417.63712811579 15962.707454468664 10572.892410868628 9455.924767305294 8345.41213271837 6585.635085592498 6992.5037898222845 4827.999022561654 6222.653720511273 6558.267802571533 6160.009838356761 4557.403190683736 4741.01806802039 5975.749456633192 4980.403589775159 4388.069798687629 3437.167077734554 2843.481300551596 2449.0008767141408 3569.0790921182943 4116.925997765821 5526.097730060458 2136.562090023079 2785.1879296039415 3918.527292519568 5968.938772308681 2610.040700577283 1476.085655393272 1439.810675587045 2139.959992721153 2431.4867656325055 2698.5158438889894 2442.1275886646413 2777.3613961925157 4563.521731827139 5308.306750969567 6191.581830857823 4155.270911069979 2503.139182240874 2466.0657895794666 3539.863119872979 3677.3183256653533 3961.6292316181207 2812.7726316554877 1872.4424466219145 1975.505673434215 1996.9246231883756 2156.580459224007 2582.7211102982615 2322.202927577732 1791.4246819885038 1670.3062726211103 1795.0030152446277 1568.3060652743295 1787.776988401116 485.3370697305012 855.274362971008 916.9342145721922 1237.8417284311138 870.3214068057135 775.8411014535369 725.9858286826042 785.367254640084 818.0207372155612 1113.6360993215708 1187.6812862156748 1023.9048486678946 1239.4289337641037 1058.6690155115873 865.2748366467488 929.6325100857541 640.9579517733903 625.5380820032701 746.2708227491578 799.5850019625257 570.2457996759293 618.968931312315 818.4314995873724 868.494955879796 780.3700139371265 826.8641200162251 856.6808055351554 1026.6709729942718 1180.248695561469 1524.5070850254451 955.206444155984 619.0532143967058 564.9361949861064 551.7057936809982 551.7348272222501 526.5710265036844 721.1238410195064 611.4370765749221 824.6193111586193 712.7797898683666 601.5136739661996 460.44780190147503 402.23683049214867 523.4026730751599 1034.8828794291985 1418.9431082517167 2118.1359331187705 2194.702620591189 2081.0257889570744 2044.1826721319164 1341.2428390292741 1000.9212843235047 768.2424468483329 633.769638147645 475.51768410174066 773.0192443628862 620.9823513896605 666.6788524158432 730.7088618490347 418.1804044913856 483.52490515206324 476.75459907229344 476.4222865353907 490.380837555863 570.3632716889445 728.6614542323714 543.3786985328821 536.9615170191271 617.1605532570385 955.8096191415423 1095.7853888011025 987.0572752933579 1062.8833510228565 1190.3227882852832 1254.2910214930598 1459.8036315326901 1389.7986849101876 1370.168301345997 804.4500208946972 431.8591359943459 459.9098803441241 534.2814034628531 784.12429338908 861.1818119488969 720.3069352236827 576.3071100084977 693.1238973062513 903.7494333105653 1196.6656741678926 1933.4757597528417 1492.8310517282407 910.534924634794 750.2644347495695 883.0183186319484 1066.3266204343447 1242.6192422907795 1258.1097602393597 1695.963450939507 1663.9878280354717 1394.052243233471 983.5739654002069 704.1352448474677 686.5625262538027 631.537496556102 545.3673591962848 1210.2341374034377 1823.681972348726 1755.3843439612103 1336.3716485158227 2026.593039259264 
53768.105514462324 206489.27647115878 570470.2865140811 106437.05727471045 32866.17473490242 19397.43929959467 13039.327918075222 11147.945945763307 8660.528534631463 6653.041635178671 7572.2775563079485 6076.966883951006 6938.633474597684 7432.1491411977095 6431.0301894565855 5296.303590006166 5371.229398887716 6052.563867774981 5113.194402479495 4150.77295836526 4019.572630447999 3161.3239511686197 2888.73491946617 3334.6184659613195 4656.44237901715 6447.005106665701 3869.4733550393107 3995.0842610304144 4776.566176517321 5566.737909457676 3134.8021102680746 1883.6522707248314 1821.3719627647836 2333.243396288633 2664.0942491111823 2830.7928318299573 2889.0204075507486 3245.3992590161542 4421.553973558478 4969.351580629154 5466.576172425048 4521.084743610115 2892.18377024678 2919.9723812125235 3819.8594362901595 3644.6027684015485 3630.956319332491 2725.8190772791568 1647.0017219615663 1857.451065272567 1730.6909877244464 2063.956542138883 2977.67213403993 2449.814139460774 1548.621959426214 1517.0586625698588 2144.1326481359806 1689.4483860449532 1834.0981426177707 467.8053570342902 744.2924566672118 966.2450069367801 1342.2361049324315 753.7090544052061 723.6429441081332 635.1374335312718 783.813680169668 654.5923845833013 1206.4564140734165 1235.2457514037594 858.9088577604984 1208.041537692679 1251.4375058031173 851.2959486345009 1000.7865666632704 609.7239007083373 617.045826922221 763.4460547345236 833.837823894922 538.672086871769 600.0209626856287 874.3792171408172 862.64415440901 788.1860759847242 892.9719405234523 799.4229195988872 1246.47852160829 1402.3124159201118 1683.6270935049572 949.4125336298947 683.8164772253273 528.7289338223188 527.2735471510455 481.28346451053613 546.6790089985044 737.2837679066707 517.5109348334219 801.4710456004482 595.489568205979 605.3490697128235 474.3160352863825 429.30320238337345 457.6343706156948 1067.8926306441138 1695.542444892181 2201.2496899153093 2401.0708518863576 2265.5704185678023 2021.8862475524286 1611.227981114333 964.6461418674322 755.5158755918633 628.9436114768456 457.402326006404 895.3939244723886 696.1337986591877 715.5490936300116 791.200986363217 394.65112600166634 421.52573572860064 479.7653607068285 453.862705713833 447.05603330435406 548.7177812189561 699.9418692889391 544.1890382010632 545.9527753675077 625.7682813253875 963.4266092010913 1048.3155272893684 964.1516564957003 938.5486562370144 1147.3547848216604 1254.546748033968 1388.7897828765483 1597.2160003488273 1431.8086215490293 829.381261770166 507.5112090945772 444.42762614626133 502.1558384857139 880.0606125733225 993.4797250523386 711.6727440051292 545.9551652061314 638.15932077634 831.5283071600684 1430.157326543637 1915.628928401795 1386.7674259936578 897.9889557220598 662.8700923687744 921.3258943571901 1098.575251821693 1165.0422658234363 1419.2430681970447 1863.9261410289387 1758.061348932574 1363.008041819082 933.9547284732315 633.0305514826895 660.6432952676872 579.8875377653891 464.68670567341263 1146.758880049178 1738.3414975042122 1361.577825174024 1000.7520221796548 1680.450518335552 
23439.30881421235 39128.55180225237 106437.05727471045 619664.3701244727 133952.90189840907 41875.01399076548 20350.47147181092 16018.436076336337 11727.907142225502 8176.817192552388 9375.57752957848 6669.376364308856 7712.316849275079 8715.132102972842 7428.046086269928 5808.337452084265 6094.9491503958925 6900.558202113639 5624.387202344117 4676.304285436387 4109.114793580027 3245.519993668673 2696.839094043005 3520.4154643678175 4867.105364276789 6984.179411618864 3189.3778071290917 3592.469959893341 4553.746241048013 5675.683665524104 3060.02772516189 1858.5731058349418 1723.4519107930184 2452.501191255842 2817.081259222382 3033.7583170883645 2996.54119950664 3324.8087454636525 4678.000526364724 5244.99844406116 5947.771367350692 4900.482426596791 3126.342325925317 3184.0041451085685 4012.2597114416694 3632.0654034004256 3875.4881832790065 2759.1591326640114 1792.7511677811276 1898.0693684872163 1852.7177899497847 2108.5697426408983 3006.8722246201155 2561.236444021842 1661.3978282924538 1670.490476543836 2129.145388037619 1719.5749836458763 1651.7064750359796 310.9391027222586 722.0143070992899 922.7477745288998 1251.171166108296 808.750272982207 771.9357143936103 662.008271726857 818.3857229830824 769.0300956195148 1111.4760866200525 1234.3437382089255 933.1016203169412 1222.3503889453023 1194.021294195802 775.0268436273567 1015.3881570551628 608.801984678137 617.9588959795182 747.5813414936509 884.82222999571 507.3514010471945 650.5389268787286 838.5185480625596 914.8324744619472 733.9708252853553 819.9349032903567 878.3949758266408 1172.802963637862 1356.4271574442485 1747.6255122716893 887.8842320014298 658.2614653533537 496.6203922618909 534.9654380129518 458.36320891591737 558.8038619142387 704.5670340230347 540.6377911265016 779.1826997194041 653.0130430622617 592.1894822237311 465.0796652846369 402.6134680290001 506.36503171761746 974.2001270105741 1452.8244597435223 2223.1272543881 2336.7619284215893 2311.4063153490174 2021.3356034336884 1539.5410584202498 988.3438508473919 632.0352530393537 637.5291838643053 436.76027519658453 891.1120862478549 641.5322765879367 676.709236419481 711.5617378721731 374.9098283491294 447.4445265833049 462.28848027082626 418.58913828547196 422.66778587979917 547.3940964166735 675.6505505598672 511.7504648132511 541.5350330263846 588.8744598127396 946.261979332389 1007.4734800735961 942.5641538578391 936.4141250619548 1128.3585020676064 1189.510202190181 1395.2753505362348 1502.787507530535 1457.1211604605242 830.5575912052951 461.19668899516876 422.6508237717539 503.0966400974434 821.3641129833354 898.6739928653685 632.0171142607622 565.635160423594 609.4152993442864 846.7096361932839 1322.079891801503 1917.6054813101364 1417.6727641953469 835.7215064919392 713.7728327628372 806.761782987833 1041.5239224779314 1148.180921003778 1446.1282074478156 1773.9211417693841 1701.6709921317079 1371.7135579383523 770.6203587015877 577.1762191573404 602.1958058746718 541.1684413660728 404.185699387422 964.2181469602 1588.5283976721132 1141.0549131335624 781.5561605548955 1356.6426329247618 
14918.902342012547 22417.63712811579 32866.17473490242 133952.90189840907 603490.4368333833 122422.26258772518 32182.243297068762 20465.992333925802 15787.500617399472 11060.884212375096 10620.813925950031 7009.801434446335 8649.350047720842 8637.158887345808 7107.427002223505 5359.470285562196 5634.5593048864275 7832.260898738049 6445.206951485627 6047.545579292551 4420.7795613049975 3562.75023522872 3420.619960394979 4453.656030944816 5015.903240184501 6260.698246046478 2855.7292706559047 3432.845894893482 4427.34972200352 5415.128455693423 2514.673463166008 1550.0390563387532 1406.4825603270792 2003.5873468937993 2147.6831952518733 2483.983471212188 2405.7986500227807 2730.567776973017 3965.1302206271835 4919.795673432613 5507.879093545049 3974.775218017475 2447.5253224150138 2559.0119045431898 3617.557541245954 3771.443538390507 3885.9360099613473 3136.8798343534704 2219.6687166846077 2291.1986025342435 2155.789099025107 2279.855163179627 3177.787873086671 2561.9291097597993 1999.4672135523338 1896.5130474132122 2243.652857547379 2082.5673962929186 2571.4166314212785 714.7881692787181 1073.2923263207254 1330.3353078314003 1489.7584921226737 1115.1119389916948 999.4774738713736 919.8769258664204 1041.3560831921666 893.5533410153597 1272.3320207109928 1334.7999205264632 974.5508494350845 1215.0207538637242 1169.8404755763015 1002.1989305233959 1129.6637175728697 745.5347433771311 768.5344004491438 968.8603101010191 954.823300183652 743.24854947174 797.6471090729945 1025.4242795634536 1037.6788049505517 925.2937823960365 1044.5581845226577 945.8418359114634 1242.8930979095098 1508.6844626570569 1672.1062858719636 1006.0642954535954 800.4599788975152 638.057954149083 660.7232135922601 582.3824583526342 745.5605989965098 851.9288367402033 650.8815547935556 853.7477531478827 703.1825684136553 685.5094830621803 515.5687582977141 517.6819671701 574.0110179959315 1139.2592018651367 1487.4592150296214 2261.9790219708143 2260.991591441947 2241.02732469302 2274.8942707465426 1498.094177612108 985.4514392319904 847.1055013720608 661.8372644812702 582.6083079079285 914.0796295790946 755.8669686163811 784.7934588157617 829.6910643312476 487.71667793576574 586.1164344436359 515.8027970070866 517.6792326375877 480.9761017774225 615.1008710817357 789.3854663106939 588.0910861865419 600.0564972530238 658.6137061209308 1029.2288417125178 1054.6777571999987 1001.1650266864228 1022.1691066620023 1200.5261455220793 1193.2509930677686 1482.5562527176937 1436.6666617999128 1463.8948049255107 890.9448051004883 556.5242032783714 550.7207435831364 610.2425371343533 869.3628738441324 960.0795853637744 756.9080403422213 663.4864328718344 685.8610567332673 874.286925086955 1225.2047736520017 1790.5291464075863 1360.4281212453702 938.7037230512963 744.2872824765901 897.6419223430316 1137.0563518023816 1189.1468476759776 1247.3304914600387 1622.6955104673661 1609.7014920671566 1412.5614358973337 909.7418618217142 668.1504426305895 697.0336162481562 637.8264595780165 565.9543738901092 1035.5439361310875 1462.496077561751 1238.3147393016761 968.4922735592742 1366.5192079117646 
11028.043509016044 15962.707454468664 19397.43929959467 41875.01399076548 122422.26258772518 589058.1060322827 130870.71760114726 39610.4827528069 17718.299358669916 9756.24143097469 12771.683065005403 9842.127229250771 9825.92080689844 9798.177008725303 8143.250836772811 7149.202531826873 7231.612670082081 6966.658960269263 5757.383876419196 4157.906241298191 5193.487332819031 4033.5535354601966 3239.5434551097865 3284.0807344707428 5294.469797051128 6927.547876983053 2855.8922482378216 2927.8155129155716 3524.3067988932003 4126.647222217026 2442.6556564596785 1387.7419326791482 1347.5380809071166 1817.7736146715386 2195.8279118745495 2630.9724015902652 2811.1614380067617 3204.0542664791287 4413.875463160394 4214.545189671261 4285.6378193519195 3922.9967729623672 2849.468820494647 2915.081450392248 3913.157108028133 3908.0048635936337 3995.786493103901 3322.2549089421877 1836.4427026945484 2193.0928993109883 1938.169000042736 2405.3312573872413 3775.866585675483 3232.613342862306 1819.6487033914193 1694.710098928321 2819.218877568409 2026.9061834659208 1686.3104498228463 449.6165766255556 797.7116935180036 1011.0413398277539 1706.1452605119528 884.618215639485 841.6385397511644 763.8443461178257 928.5836807506631 806.8601299131217 1572.654887453 1567.8695465555516 957.777535096469 1606.762799555324 1380.9658712101393 897.189254811225 1229.4525494343136 632.6737961196837 618.8715370035522 945.6743309363677 1056.572792866464 614.07144473833 725.8802616432595 1099.280160004846 1059.789875954938 748.5717776731789 965.4233394217941 846.2783049727124 1515.9832340628725 1645.9245035652234 1941.958548578436 1182.3944299294333 823.4239335785247 644.8779646458427 616.5399201206658 594.9637518834992 711.986392426739 1055.6848325158544 720.3657421161464 1041.7789211917145 883.1623969796841 832.7279897257903 583.9120709550343 510.36441230333384 524.0606137421543 1270.9931512348708 1828.143077571303 2637.4673622749797 2434.1619263942366 2094.1479178002987 2000.4989531881324 1804.257462834701 1162.8328736030908 899.2741203899246 760.3666819340775 535.3051215749796 1242.3646339589254 843.0248741432586 839.34667431488 1084.9781500735187 486.9979235071672 627.8938631727056 554.7935624129763 554.8714794866145 562.1254342002627 678.457366514967 992.7749890352849 652.9470136931037 694.0016570633527 756.9591094312274 1249.0153277195832 1205.9983589830765 1061.8940283234328 893.1376121714692 1300.3333638498711 1498.7454856627019 1363.8298173267892 1653.1760128853778 1582.5207238874336 1124.4588043599394 550.4711721962914 493.57180813705503 551.5377262282271 1015.0114800481922 1180.1277146445761 813.039917723041 642.0900905267631 718.5070809274514 850.7617549648496 1474.4271708546419 1991.7256464994557 1576.583085262275 943.5950667053598 687.1403377840539 892.632017250772 1233.564003304181 1113.4012383355437 1587.1627385466008 1899.9696178343265 1658.2509959359857 1283.0876442155638 946.3224284290312 591.3719696920465 667.3017427039255 636.3883643309093 420.3696823360465 1064.7039745994261 1467.0680743040894 1017.9357629633976 586.5809112941075 1127.856592912686 
8990.312495273143 10572.892410868628 13039.327918075222 20350.47147181092 32182.243297068762 130870.71760114726 565135.7279587031 178693.1573240004 25469.3358665581 10668.89036224176 16021.117248469021 13248.43122189574 11531.94884836414 10631.383770657127 8389.15819226116 7972.915247447945 7844.442686817753 6245.28673578553 5401.341913961647 3635.0362059433673 5575.144039433303 4440.265802382287 3618.718738336492 2875.9346089180294 5374.157370615907 6601.160443664554 3274.7466383505257 2964.4537377932425 3277.817859113208 3363.7311067563455 2282.493773758762 1488.9069399852854 1308.7124364861932 1710.4890305093875 1977.0110207128153 2199.672919244329 2486.5673499139416 2893.324149682833 3415.270493369981 3516.4350943684494 3369.254957981356 3571.424475723771 2750.94566888414 3042.0681179741396 3866.536658673647 3779.0813612250986 3633.0148138935283 3348.351993283379 1645.6438475201796 2003.73948438791 1889.71451289596 2443.907721232225 3976.049637356237 3394.0816305230305 1764.169642468046 1502.5428116616126 2970.4084860118137 1946.5433454073195 1583.156615064751 289.9793862287015 703.4772780218623 1158.4917374850886 1839.2340285270543 889.0804284426713 889.2897632991072 748.8749544305418 931.9962452573052 823.4610423875537 1598.441750151967 1500.1870212822398 933.8624023804675 1571.7251686374063 1354.0635495508395 962.8962761194845 1366.6524175357192 596.8225420707655 651.3247334620586 979.642461926604 1107.9469309254598 603.9471112100834 748.0549172445835 1073.0310382215057 1073.139633231518 820.9185885177055 874.6789885370459 842.8360692627241 1601.229935622226 1688.522211858886 1865.3821488378967 1013.0572031390063 917.6451711411695 575.2245113376943 562.4998963688159 519.5909766184498 709.9486330614336 1060.6186970523188 612.9130252188714 1027.3191442848456 849.7059373899251 801.5026116154984 563.4630396692322 460.6729286796553 513.052249219149 1291.042958349581 1945.9604007507712 2266.8105810782627 2125.29164458057 1812.663243741611 1705.994099110196 1760.2352742272421 1190.7458675306846 1004.0562280908183 844.1413068368048 560.7692197598072 1267.3173936682101 738.0683383572002 863.0744075060368 1111.1076229949156 439.6882538843711 644.3377414522557 545.6631522099794 582.0759904961985 538.0580200390076 631.4203097653675 1067.0745731132888 654.0154245536966 725.7316021650572 814.5819383302423 1338.1082950395223 1184.192146090131 1014.9603974037994 930.7250043218236 1201.526697271122 1419.6897815828922 1262.2168163546858 1637.3148616465253 1666.8560757426978 1188.4346174986322 646.3598508360718 552.3301267677416 510.92028541997195 1063.5619681361961 1207.1749205913477 786.4903237134 620.5444836763367 663.6081751091422 842.4621776385285 1693.321114637824 1753.819551602102 1485.4888247708889 884.5327345553036 690.2218467662734 859.1082812108882 1243.7100723084825 908.9071525451546 1536.428884810548 1781.571231105298 1568.2037574859626 1222.9481806552367 935.774149061708 558.1351554555334 649.5742507721903 652.65147965006 378.4793381383111 1106.8552717860994 1523.394844661676 856.0955515973163 461.1543781676257 1003.9868130503867 
7647.215204502884 9455.924767305294 11147.945945763307 16018.436076336337 20465.992333925802 39610.4827528069 178693.1573240004 523591.1183516926 107735.34810552745 22934.181299372372 32526.210684831076 15836.313618301958 13314.565370253367 12100.392748433376 8818.811090848438 7615.9880438733735 8652.157058705083 9726.89571119691 8515.01239555891 5871.14766577887 6688.264793734191 4940.848049163445 3948.529706238692 4052.9957423976275 6741.938693686027 6952.575637957493 2975.9936301016005 2866.8708695341916 3356.4038939501843 3775.190962487063 2295.179384961912 1406.0292440485302 1330.7493767695698 1601.0942755764668 1828.5891529420644 2042.7903698976493 2218.1822157438933 2554.696471677834 3059.9027589268567 3156.640925334921 3354.3441015493454 3438.1375687789355 2497.649130446706 2838.8486293466653 3920.003089034421 3948.1742023412144 4337.6124502078765 4249.964008240354 2434.945309158136 2964.0714586409863 2643.0560695377458 3153.3632170919036 4947.496088651717 3997.5471509911677 2372.8377201604617 2269.966222778328 3279.7261341044823 2406.054726591203 2042.555071064633 429.5512140111994 1047.6799141575877 1297.567267742187 2068.909670079447 1163.5288370533956 1100.7251810598425 986.125308160262 1281.5581539302789 1153.8215340794652 1894.7279484037301 1736.8477649910878 1212.7795747941582 1778.5976208589548 1693.8291812806278 1168.6867355112215 1579.2100337885859 858.984419729973 830.1808630019199 1219.6036486517585 1315.7768821143052 794.8290209384392 1006.1575505289418 1260.5935785096322 1250.7533241125466 976.5158871821199 1184.8268422613653 1060.0530054633684 1467.910237751692 1610.6854177107427 2276.2009572859374 1392.4196134575145 1003.7723988652675 790.7719483415465 817.3864019659978 708.9285275335995 925.6755508984396 1245.1746609301015 836.8705213679162 1379.8608198863724 979.6542938049017 993.9564822753135 763.1013581461572 628.5409017856731 691.268472638078 1439.4523120145204 1790.13339615396 2174.254178099697 1997.7056151617555 1743.4307189330405 1650.9863689305328 1730.1008304654704 1227.7418247945898 986.1621759082446 955.9515510709506 652.4993631629196 1361.2414306190888 1017.6077277378553 1013.4348256581968 1233.1957961328917 637.9360475430392 723.6797166484251 806.5186325114936 754.0521441892178 658.1502918728722 856.4996767973859 1223.4799354819088 858.5870541581074 869.1661542450935 894.29171068162 1328.3623146177479 1289.4164502812325 1078.208468719747 1035.6848813295155 1258.8022781377865 1423.3052005605787 1417.9922872763718 1498.4928253510302 1486.0845079250673 1176.4312856859822 624.8841700222068 584.3463251138264 664.2559228410228 1169.4150278730888 1306.6705283804406 927.2804734733738 800.8934850023512 814.6402145251566 1013.1669385606473 1508.6435508823781 1807.3755994614594 1627.8600227143927 1056.2693613871054 785.1147931690616 1026.4415654133675 1243.3802617355861 962.288655604977 1383.0381863915377 1646.2435275651599 1529.921763056585 1386.0479060532757 1032.7807546308873 700.9898563553419 839.1841081315703 787.1612072717942 508.8797099673343 1211.8670816927306 1679.8520979137982 1063.9549812107678 620.732906985882 1323.6624544762062 
5213.253046280697 8345.41213271837 8660.528534631463 11727.907142225502 15787.500617399472 17718.299358669916 25469.3358665581 107735.34810552745 507583.1000694532 124957.12812022751 78143.82513224665 14257.643689648656 12757.529764312132 10006.056852770042 7311.093025261558 5148.114660500928 7258.966295811028 14481.451003478343 15646.402851647275 16364.140543203379 7798.394810950502 5776.073680075688 5505.134585227285 9657.862376349593 7368.599895749119 4820.229410141741 1515.6860973526782 2076.0258422538986 2994.8697254733306 3707.6170087054743 1243.7759153172317 673.8234155281901 675.1530148037539 865.8297605192341 1033.4597886970155 1106.2971104792575 1028.5058170453906 1207.591773789398 2267.920882248444 3012.158861029007 3341.0138328815947 1991.6579780844152 1113.3948287847422 1103.5306992089743 2451.6685945542667 3551.3355315687922 5641.200289214943 5678.432910367141 6267.149281208274 6386.6707084074915 5928.709361031733 5175.3305924148335 3967.0113933959137 4370.746619127188 5379.756306750421 5676.071907188433 3175.152285074459 3313.5359528371814 4958.518535017678 1246.5081344480488 2512.9163594861857 2690.4727167829415 2262.0508052845744 2633.733557047985 2391.121695264405 2323.435620458948 2353.701367434614 2553.4167321578616 2184.6173466686805 2351.1546706738627 2335.483330410149 1925.744050703319 1728.8702354517343 1888.4255758594852 1668.4171825545666 2047.5006567520281 1784.3052209334212 1721.3541856827746 1791.5598735359083 1681.065563271902 1608.8880065224953 1682.9019201979177 1665.8755755680622 1658.9600759381362 1620.7628025612325 1550.9883621344766 835.2051902229143 785.6582137596961 1316.4020991959974 1502.7120310932055 1477.1194900095434 1584.7671070301885 1751.8076596206374 1539.421392091975 1736.7759719804978 1504.711565680314 1660.422672136658 1680.8767191365735 1652.2143821286807 1518.7040097763015 1379.6815191221372 1363.2800483633423 1630.504290439076 1428.5125546101553 1012.1661078068412 1240.1385560772592 1142.2454154787395 1153.1421229812067 1238.2591806807602 966.6894121045892 1318.6098861192581 1199.2749349562475 1238.196262921125 1405.2985133969084 1155.5222085979894 1393.5398067105118 1332.425909828321 1192.9058881881112 1279.964770570482 1352.2857531969853 1371.1401630369753 1414.9382808428738 1346.2330785007139 1411.752514213988 1242.981911183258 1313.1977471181453 1291.4871413848853 1258.1377143865786 1136.6413111813663 1390.7760049589413 1375.6189269677375 1430.8700529384605 1268.0974540403008 950.1133168779415 1127.5687846906847 780.148783644702 899.742703719341 897.4098433751635 833.435776743471 932.0653364528182 1244.7210821738558 1029.6917525376468 976.0561878901283 1235.6907377434438 1390.2025779390285 1384.2096459869858 1369.8248481742187 867.8556043221527 1097.6340652263082 1268.7241758804353 1430.3389904881299 1454.6662573634383 1240.3008245209232 985.4664188311077 1189.7133914408328 813.1767913800784 811.531056031741 899.9424878017101 1155.1944350031806 1267.5734476835628 1422.6845010034674 1267.399670962707 1105.4149161201758 1284.07548550541 1420.8641520607634 1128.0823894347927 1441.4558666947873 1352.01119356418 1498.5358346293253 
4342.934004955949 6585.635085592498 6653.041635178671 8176.817192552388 11060.884212375096 9756.24143097469 10668.89036224176 22934.181299372372 124957.12812022751 576717.3717113474 139555.7995110468 14718.878255685666 13507.014130440599 9202.929742214481 6451.448639683473 4413.033778726775 6191.6214342245285 14168.199709063705 16569.42611030505 20943.24455727914 7162.063502434497 5819.279194897011 6699.126849276272 12528.669034252256 6552.7240687680105 3998.172403620082 1361.9586429547044 2190.428725474214 2876.950716640864 3604.210946507933 1017.3993118799567 637.4990329301577 645.3293525741794 727.8670649428568 775.2649873080927 905.2883489192368 790.9237377307203 874.1487293317832 1865.2859349121056 2660.714046626852 3082.277103695338 1473.1849571719458 729.1872468395284 795.4710413541412 1872.4353160972175 2975.9907585862225 4862.000624479571 4893.287591908631 7007.537218759857 6713.123984372257 6310.794340516283 5138.801496231296 2910.7842283832683 3606.6771685422996 5893.159274395223 5679.729044284155 2635.8748516678756 3436.1009089726736 6454.110221448116 1508.2417205676393 3155.949486869001 2843.86581954403 2023.72020362962 2823.875868761677 2722.2269650306275 2635.776323680868 2446.0769051004736 2557.0589921521614 1892.2921026431354 1966.3196879141244 2382.7147511386597 1495.6063593849362 1456.3814946173816 1848.6481596490078 1521.0196069856272 2168.869316538533 2009.4765531390374 1645.7782590325492 1657.8920310705737 1966.9247445815445 1708.494183705654 1544.9712364890925 1532.541752892263 1851.8625722765526 1464.1205200822624 1478.2079384131493 657.5550398967187 686.60834860701 990.2981759994683 1415.9664352030031 1596.289296004993 1793.8111622057643 1708.0560062268169 1593.7753601333025 1560.8827969116285 1363.640006961452 1778.8526857626214 1426.4691072278956 1391.6708369066407 1424.208844925049 1518.0905981533429 1536.539887354295 1666.3647663853615 1096.312679229026 753.0256872474168 839.4323636913016 826.7942151296055 913.6843198259492 972.003473501672 665.064283264209 1062.5853230891119 1255.9817230368062 1260.8781581950948 1465.1958560093583 1054.3663765926185 1278.250696249952 1235.5390993409253 980.7358702501081 1367.3803884366287 1296.7731924693044 1331.3327623823454 1359.3319739702488 1376.63923243607 1266.4015018260686 1097.2373122779225 1193.0680744184083 1205.1289680888353 1176.857517847832 919.7986199472062 1038.64525815141 1241.3049384323388 1345.3240432680143 1028.309650056859 716.1668245864769 971.6751693514789 589.3340373244217 725.8271352243861 719.7693667227543 936.2631763373419 1001.0507238783919 1219.0636982579822 800.0767226626301 720.7555729906862 1114.0041624095354 1296.7947214788385 1316.8690629317136 1142.0029130810092 600.9604279066839 767.4556031516692 936.8313811096716 1278.660865446014 1390.1647555337033 1109.6589499950687 790.0074271550948 1165.438083720106 540.2147749346468 523.524495400837 691.0616134012204 916.8779676220828 1069.556548181017 1527.9905278856488 1247.166589382336 1228.0366973894402 1636.4643686062652 1245.7638161196087 824.9328197006881 1323.9669443792075 1581.548944997101 1192.1658135755763 
5177.502306072254 6992.5037898222845 7572.2775563079485 9375.57752957848 10620.813925950031 12771.683065005403 16021.117248469021 32526.210684831076 78143.82513224665 139555.7995110468 495907.1596104516 86401.49235679161 34695.58056312946 20081.708762207432 10990.395572437174 8876.897772501135 11541.78819870385 15099.882731120255 14822.128084203297 11618.52975431382 9628.020817825649 6721.48023448464 5813.125839323211 6744.435797764009 8108.090612587314 6076.316725843739 2508.34385737448 2870.1301143629003 3508.6242987955593 3687.23594759961 1814.0582430740849 1040.0609928819458 942.7063926376194 1115.471331603664 1327.037286013637 1454.1429002950144 1434.8762536952613 1890.9450599824293 2575.0319817938166 2909.53863493832 2874.9029660312494 2392.253967216174 1675.666420262244 1721.6023914398552 3126.869359615765 3759.190872305462 4770.525339537352 5338.478743230449 4217.743447560121 4930.471983562662 4283.082558323647 4605.511590818033 5067.334926300493 4809.764011741922 3922.410684555596 3796.2913296110733 3909.074436319657 3246.062431215103 3517.040303039824 677.9659242961573 1699.0675001403251 1982.9827124486274 2436.582598455234 1848.5267359111626 1843.0484489040855 1563.2951897075882 1809.256488209918 1745.3243915721337 2256.451294873347 2264.868492860831 1760.8130404463868 1960.5272756311413 1836.2800418779607 1553.8175677669713 1862.8852390838679 1389.5840019536797 1316.0250110289758 1554.680867888927 1678.7014174452847 1207.881331828763 1322.7693958639027 1611.5478482690442 1592.5803036857264 1304.7296365429672 1481.0269571297024 1285.8457630888738 1122.897035395267 1219.2711055380094 1626.6337318907956 1498.6977491091802 1342.7169532249716 1151.1933118904713 1175.6154970007822 1059.7027780553033 1281.7150213099274 1525.3604531638784 1249.9156957502073 1583.6382366414498 1291.1506135610011 1384.0059419289205 1041.5779063374362 977.2775082472422 1036.6886414472 1443.8708751129116 1345.0299498798167 1525.3315477308986 1448.0917924148291 1347.964486925011 1251.2380146776356 1323.9020869748108 1292.4239247197834 1228.9246885587754 1173.3595384544128 995.731969357616 1485.6403101726398 1248.4771638290185 1205.399312382431 1389.7927376783607 924.3053814536355 1159.1756409272411 1079.8384033238904 1072.255268841305 1048.497021520078 1136.2260511654306 1276.6965766933727 1196.3948930687282 1059.5668607076655 1110.3538669584937 1312.7179478979579 1322.3157893381003 1239.985494944963 1117.6735074852413 1238.0510407696518 1174.2250279133843 1096.066357799177 1062.3242791896391 1109.7430132053496 1094.1518126625213 795.0136343914191 777.8696360657763 886.8571888314541 1186.4427734754418 1182.2315942397026 1106.8074692868393 1056.2711062028106 1108.0260733936052 1096.4743134656733 1231.640128712855 1308.5126367956575 1345.0512372725213 1210.6853995608933 1152.1404495592678 1164.3076698170123 1219.4037686810952 985.4292643806099 1083.1786385516177 1104.6889571777413 1089.6787353509703 1250.2757082657627 1173.120830813365 1011.5516323835891 1061.8776791362664 1058.6840497088867 814.4000865389431 1414.2101209836092 1487.8605794829655 1245.739649940695 878.017076664246 1553.8205481756456 
5497.283228926261 4827.999022561654 6076.966883951006 6669.376364308856 7009.801434446335 9842.127229250771 13248.43122189574 15836.313618301958 14257.643689648656 14718.878255685666 86401.49235679161 576994.0745031098 212002.9875460499 41476.673117563354 15027.204632509283 14608.73321762641 13191.606247231619 7931.905427451282 6858.183774488356 3320.8818652479263 7813.097254727449 6004.771087138141 5739.751116703704 2649.3859205155477 6527.230510779669 7356.015066205343 5328.556111506387 3776.1326254460064 3454.9239206173124 2858.4871120444172 2648.1749511508983 1817.7432300906983 1709.8205174768943 1615.305545208338 2143.415583482427 2252.7510522045404 2611.7502101733917 3083.107268104468 2943.310134398378 2540.782521773268 2085.163116365979 3004.838498670769 2959.0864500426037 3228.9018219918776 3904.600929687616 3264.3333916166953 2652.5801559221254 3423.3884883142264 1391.782208004964 1926.584763152181 1622.17269097217 2450.816717685515 4594.95355776221 3748.8330326518644 1717.491832094939 1340.5516354715924 4055.6993361535356 2276.762848055135 1231.0599765187112 236.38060876563065 608.2419278882932 1169.923723517024 2280.858609094515 798.7332486737412 916.4459583641557 664.9061986729337 995.1018180418938 731.6744536909591 2027.3675644105915 1756.2149266465906 870.015445766587 1688.1043289687818 1651.0818551453713 1066.3557176164322 1747.779279345256 576.5071127781927 688.987062946207 1125.7042363707824 1209.0773332117658 539.9001558867948 884.4894646198652 1262.7266553942316 1274.875214787786 927.6985322541468 1151.7953772198462 872.5571899452151 1920.688942844575 2119.4038680395 1837.4998869432447 957.4207564489845 1101.3139269818794 532.9231518198212 556.0272050345967 508.6052754163404 698.9097254975461 1189.2108092365918 618.3398463900634 1075.155993055984 753.7246843995774 942.3442312303284 552.5277714603563 457.78254467335864 441.61948619932485 1237.95234389247 2069.85110763509 2024.272570418265 1784.8400047106463 1469.6418095217698 1373.373003019357 2027.5122164754755 1159.4992756060856 1125.9676493736024 919.4454309733043 589.7136467509268 1625.8643041483276 840.8061705549436 852.7979423660496 1359.8880263643007 450.141940159023 638.1236251067018 623.0617003455312 545.1135167153111 509.3480368089014 673.9433371986917 1274.6065351748407 707.9560808729507 841.1786373680598 830.1001273727617 1501.1276061775684 1185.0182408935154 888.2278829127566 680.4248056176428 1037.7446160572526 1562.1538379752571 1011.2764993320312 1959.0841164758683 1730.616551764663 1361.6197869360315 783.8795440439809 599.7495762657632 484.5640589401713 1251.6759875605983 1348.7476200063527 749.4118272120935 639.5512728632747 610.700440616773 665.5134929482763 1924.0880199413018 1432.6964283323819 1270.0734552448434 773.1149590821685 590.161081480179 862.79095612501 1280.828022873496 734.5753809799234 1585.1149583061347 1731.0508749366568 1417.514454655758 1064.9620758615092 843.3221734221013 402.77681791729844 578.988248038455 645.2859341673017 323.4070115336399 947.3013574606234 1539.8533367333098 594.0758088335662 347.2980752617482 882.9783120821457 
