676279.5463596573 131380.43223594528 31434.01842154381 27453.742690890816 33854.141442995584 14251.022366746101 8297.136597908346 5077.737656716908 4084.859243321564 3363.194780858379 3389.7062937462533 3123.4480364875403 2943.157690835475 2802.0178184382353 2708.574280098045 2532.0906690595393 2482.773063158497 2889.05242030221 2121.734805290367 1953.4347077261186 2337.8704689059487 2591.752607504111 2731.2116412590276 3018.5234782131097 2885.0208635752874 3080.085324676553 3045.3898115767306 2532.7555051196964 2222.307515860573 2509.5230234083074 3204.8695601108325 2448.677010097907 2728.1597112344675 2534.5226822608784 2731.7950464407736 2442.3760481925437 2272.393710634772 2237.7139703878884 2170.1646361333374 2188.2568706374714 2194.5476235182027 2712.9789054572707 2545.000361145049 3110.8731299914493 4076.4580572265413 4522.045883909861 3021.2035805540263 2775.721319093191 2123.9922077020756 1670.075411311003 2747.615692522042 2684.4062210680368 2155.4801821125725 1922.3912275965843 2426.6397349710196 4542.066803118849 7256.963957799223 6098.561046476725 1698.8389400286724 4128.507912577841 3992.074552509968 4267.411843785801 5175.428977307385 3147.2922068995877 3102.449033618138 3227.4320183601867 2679.785386906869 2090.6013814712296 3308.88049686671 4339.945192445744 3312.380236355564 2553.3306851967377 1052.9873514372819 1976.8878263250967 1125.2416747382015 1065.934523149593 619.0401045382714 562.2958333394474 554.9888320752758 664.8552511352246 460.38644179576664 480.9119181008799 407.03600390760096 404.91857884311065 605.2518872867972 702.250633279914 509.6930406816488 432.22415649197484 675.0640462161558 714.632950655781 755.9992688000609 508.9467583993686 539.0411181972205 658.8852773760356 766.57303298593 1406.303581011885 2203.8831119550387 2170.2603625562488 2679.4652458101828 1685.4732424738224 1255.3744308854177 833.5256147384894 879.9826478787143 952.9237691323775 908.0983592962586 761.8683638825116 427.58902499215327 285.83111539791093 401.6814808694418 423.8726035412333 419.0760520804181 272.1886880007583 389.6274407447638 299.50954292877304 526.9508806312352 415.80917765961397 195.55225440768405 331.7132262179694 389.0248849961139 323.7505651481319 393.122699313647 401.18781149340174 353.1329705911039 428.66207342591895 520.4076115926579 704.2531376743665 961.1744440036654 879.2359327214022 832.0704912273108 873.4681060753246 733.2922907271941 653.177173404261 765.4154122635159 649.4485229211108 406.2516170483542 600.7624528009077 864.8845436537134 891.6568333163863 856.2387855035364 760.1739151924529 663.3873669645785 502.8495255686813 485.2276279536642 421.51541936239147 521.1981973933027 510.0644824683843 987.5878795085653 1401.6060003198982 2043.4165069414655 1710.8729069344033 1641.9640338140607 1626.667377655678 2088.6155062737666 2406.6334507282145 2662.140177074704 6144.439350032501 7583.951355851096 
131380.43223594528 562232.6501043023 175671.77531682036 27024.608433398793 23519.029643387566 21287.358249840512 11997.3303663113 5584.295221226693 3954.2269392709177 2791.9440422532325 2890.9471467458993 3075.034438104207 2890.8390617078708 2431.251184556994 2256.933113811154 2031.026269249868 2211.3144157839515 2721.9019443516004 1949.703405031932 1757.5501804371966 2368.590943884307 2517.6227788411124 3188.4554884525323 3758.480528369602 3201.207541074008 3726.2514740515976 4005.6717119657787 3214.9342362607595 2846.806328429887 2888.6343465080977 3977.1329165763436 2559.1700146337084 2732.2639544539884 2274.574128508501 2003.2889425968103 2660.9298555374016 2910.3510711402373 2746.1330570511186 2627.2309127429025 2583.688620747481 2029.5636404459751 2096.0760497410947 2320.005636199589 3741.590897451467 7652.0829451776835 5772.062108012988 2466.642037455007 3140.793046082542 2091.5956308444825 1632.1284611798405 2679.299155599376 1787.1041366575928 1292.4696051906453 1268.5018538834884 1742.2193744997362 3503.073738171032 2870.7927299416992 1701.6117165900173 572.4178144140118 888.5740826397329 1088.6309852108284 1253.9077383173376 2198.6371980366353 3288.5714248990166 2912.1130664690204 1155.8723708021798 1373.1137692721595 1756.5392782591682 1565.0265651317077 1619.281282930357 3472.903538451463 4442.052293106674 1700.8071312177424 3261.7574093249887 1567.246702319539 1281.1591367747403 597.7050982068739 475.74994610158666 439.3385665812607 567.1799176043464 449.220419940577 413.48541565653727 387.2218967714659 368.0074828517029 559.9384504051966 723.7550049943977 399.62517843200175 407.93203341040595 682.8887724214926 752.9621011674384 871.0674170191631 487.5998586910213 480.1827426547304 664.207675821589 694.7467449314449 1436.3927364333297 3004.2981887893784 3432.292388757091 4060.1893180636284 2631.198178030182 1494.5040195499957 965.4113547132265 1110.6260833099336 1325.4311366293061 1090.0422090919349 901.5579797476792 431.1226860891079 248.08545799830347 347.21038632208206 403.84260613384043 372.000452619583 263.41568669426874 420.3044442422451 319.24349198134246 582.623637971545 382.1370481407003 215.67630019850992 285.20520298841205 425.1353024798913 376.28327239331674 362.90026184758517 364.56974704440205 273.5704785354444 334.9631588875093 442.3005653303008 886.7464745838816 1418.2812404208069 1260.177458081818 1083.7862872766987 1007.731023857044 920.9600386757364 813.0719741969801 915.1814339308486 722.1255358184299 334.9685859243931 627.1653920140709 961.1762649241566 1228.3445709961352 1051.1490722568988 783.3328431867797 721.2402541027138 594.8050039999657 353.4715845192362 239.94480564486298 265.46436780146144 344.292010246094 1147.61964172046 1832.3173415320562 2633.1757173799992 2144.7568089343986 1214.6191173028506 601.7525636248472 1156.1988829475295 1817.4129787090449 2177.033133077259 1982.1607025581459 2444.8254583097246 
31434.01842154381 175671.77531682036 542079.2893056138 105057.88087468615 35322.32661884877 33628.85860655695 17549.85347181519 8198.316956022813 5776.396917824792 2941.4927074024695 3521.5968573633895 4425.145191001418 3530.4015352848196 2440.6682501793616 2458.687585356195 2323.600727976397 2410.116242152573 3957.0591847337155 2592.073083498323 1819.0167972704448 3262.601252950074 2948.1403472256034 3896.2768755491593 4648.542720908192 3710.884786596699 3313.086777479358 4111.223608861486 2794.0852963789534 3048.110413057877 2421.5275986106644 4829.015880756165 2247.150673932324 3034.8085136851714 2531.4897836810824 1978.4555366670247 3190.272389951101 3068.2945710214317 3430.649727670427 2981.4424225107196 2945.9879280646446 2254.2339615862365 2313.3209772344576 2056.8759518605016 5013.734934479768 8075.699814671229 5014.139170875406 2302.622232494462 3328.3185614350036 2254.851701402809 1649.6026445102232 3474.4797555502637 1575.0441456349686 1124.3146773928804 1011.9490060556808 1575.8875589502172 4136.826950111373 2793.103751941706 1137.7436458421207 274.9608550447061 608.4222729848286 614.0672248466369 1037.5315337301681 2099.0552770703416 3662.36877503679 3419.6854564076393 766.5638112578227 1033.7822490514304 2148.2776657883487 1288.1014349824636 1109.7027229975934 3633.4265284033713 3594.8657297041923 1986.5245665598088 2909.3497945397894 1778.5435925152806 1575.654028432838 575.5038336608114 449.6800156793454 470.3508245731667 943.3562937167317 541.060137550885 556.7791530989152 422.63940598957294 358.03419157949077 755.9013389264833 1024.3868748402517 444.2205772362838 491.830959633573 890.116927279487 997.390050294565 1128.4548990334008 607.8941670788712 600.8147171048126 799.8732975764378 663.7655720041043 1497.3258971325465 2487.10889148083 2871.2461445080653 2999.626071884818 2113.3763356549803 1716.8167431132038 730.2220361253927 1182.4328177820735 1315.099508274604 1111.5101669002772 994.1966080062238 466.0941707045399 251.48328760094697 502.48213330141584 472.372097471666 515.542277211436 275.7750683419688 548.5103419174699 389.6258683210986 823.7206734763288 544.1519487837741 242.29054460475797 322.08250287337944 617.8027855248448 489.4341275598083 451.8383633154879 418.32602384549415 363.5851133603985 375.83978063655564 542.5477259032664 1027.5019288991557 1682.266559937652 1269.2315499260799 1046.1296918847436 747.6230000173696 724.5975781154091 716.981728475148 988.1920544146615 834.4659442426765 310.82164189275255 791.6183374474184 964.2058099426876 1225.8660875835835 1012.3818511777982 697.6254799728102 722.0566919654605 537.2487473437469 447.31308143163716 231.75305683138106 225.82139679446672 338.6252045962778 1346.717236178738 1435.0342229381386 2195.413376575773 1818.9196219390108 1186.7889584510156 427.94879603798444 953.0982015459875 1428.4059868779352 1812.1148462951394 1395.8382371162136 1720.1560139733192 
27453.742690890816 27024.608433398793 105057.88087468615 485465.50660568074 152738.67931011878 24262.51441117929 9194.843528981726 8957.416530518853 9581.324601202166 11835.75924949287 9529.994990545256 7827.939953148919 7526.541666411421 7303.142153215234 6802.882547362502 6261.94308258689 5797.376657923067 4401.3409035428 4168.809433859785 4249.416099698919 3565.5682315540266 4010.6556591201397 3264.41467099009 3069.471613946108 3450.3239929086276 3865.2267676767315 3121.286458370038 3549.107836459692 3093.969476500636 3977.9975319367877 3357.7928852896275 4456.94813153445 4265.46696208711 4622.372010144115 5309.739095687435 3410.9424069075144 3194.5026576947384 2628.1266329872965 3151.240173635231 3326.5441127490235 4192.025097470471 4410.802859088926 4798.008569354147 3366.365685453069 2621.467447910673 5457.980775747997 5751.511250177724 4382.3881087510035 4326.695900250353 3895.037815251465 4398.621535186351 5667.61030326079 5143.5795219840775 4931.471264509669 5101.868258440696 5419.522618596527 7111.800578097287 6662.77688169538 1850.4369723514146 4488.227102722363 3637.1971542329165 3545.4809311200934 3643.946695714853 2552.4190743852746 2448.0128926203092 3971.2668948375344 3494.2844755820015 2216.8532165513793 3857.0629559025233 4990.026077947457 2238.5009090743356 1265.098688174273 459.58856789175366 988.116231140271 732.5748241468411 1124.5816154961324 1323.9669776489266 1246.0176705414772 1183.5299125198144 881.1969119726981 918.1949401190134 829.9304191171728 868.568152257531 874.9249504870045 919.0906715738014 779.8866413321009 883.7237293184767 861.87873656513 772.0956465978524 856.2309216397227 671.9979725139121 721.2814327544731 890.7296575636734 1020.9420195482111 1320.935486739811 1461.7527240375246 1451.0702673440464 946.5606619916429 1007.0288549803333 860.3829332617325 936.7755878795406 1094.09276281267 860.0144003620086 661.9545765801716 637.770756211153 652.8936870494746 723.8950656596713 667.6874884533187 695.5397264329006 643.0153571756865 617.7371317294494 629.8548171157952 585.0378347230093 504.05241374924617 542.4530836739693 564.5880687861986 554.7692133381709 453.19245678094353 464.8440205911371 601.8488417468329 684.0715067111337 624.5218114674851 635.3564907281312 597.9123847825382 644.7080854059082 623.0974055382933 430.8352067611037 558.8658770427974 532.3853738560354 788.5795365618358 618.847532995141 572.2553215022958 592.6215890531967 654.12920461206 746.8287754784935 664.7530114651457 752.2865823587302 570.787624298874 699.5183892988521 828.2585102751576 848.4615341725013 649.4062943433046 815.4167856218933 859.1533821429397 964.4439266790694 936.5726627249452 828.3198722668677 884.1700198414081 990.8738779990024 1109.3925354582173 1584.1107099975547 2181.4286659720237 1967.2587394762943 1633.3957130400117 1830.481084262788 3041.4194192676714 3272.9526594140375 
33854.141442995584 23519.029643387566 35322.32661884877 152738.67931011878 472018.5629664742 94903.03949830704 17431.355176193658 11539.57499800376 9956.335792639937 11253.347505749798 8977.59497135741 6998.0288453825315 6586.715895262288 6214.851156143114 5914.027970244559 5029.344791025435 4907.751416775732 3929.682646324936 3442.3776663289373 3514.554974347752 3220.951602566988 3766.9521580690625 3193.427182555083 3348.977143807725 3370.556686895695 3846.170570297078 3351.5950297799686 3389.23768804924 2876.4259816767835 3703.5786572158604 3533.706962185968 3860.698629769421 4089.660558271979 4055.903373934515 5029.553357446206 3408.1613978519445 3190.025559626342 2612.55892587054 2813.8843631788864 3133.002673879914 3791.4268435639087 4431.950719552574 4539.683564068829 3530.798534382513 3554.6754473384754 5809.5888012573405 5375.09315807513 4116.08839960889 3660.0980021166633 3031.629793560111 4000.4112459138587 5414.966501840683 4831.28858628637 4387.987734570692 4509.689051045026 5593.205339801674 9238.818905607735 9219.81354255745 2743.3175420046414 6219.3167803801225 5241.66282706434 4802.071332492961 4731.168894807298 2792.4031733797933 2684.318467879188 4872.457695644445 3831.221009402261 2121.0682101367256 4328.4704122212715 6040.1310317620755 2713.1969500722166 1454.4764253672827 607.0213724477661 1158.9547912506853 797.526154553033 982.7819794428198 999.1225602201721 838.9417847853548 903.9245434286706 723.1605846048002 673.6183374455344 607.8298402655624 601.6518555104542 601.8694660518591 715.676096615527 746.3494054130191 676.013011553316 690.7555653980176 721.7814704333043 792.1611624329357 667.0849523416005 632.1433208230736 668.7203246019964 811.6257203277946 1110.0137354249928 1438.6553360406529 1629.6335210732923 1174.0804748561964 1204.1111690331747 876.2076358448297 917.3896928381487 918.9708107737707 775.906288351905 728.9753853140708 641.5758671764353 623.5278842705447 574.2840701705854 527.010050113962 553.8932234805028 576.4021639020272 558.6880591596624 459.53323829519013 449.4252818814116 406.17052223080816 527.6027364093114 471.205605500626 401.07608846290805 312.0725007604741 378.11034282093067 436.7943753972556 508.3011359422877 552.8938350755088 542.5157182655296 578.774437643315 575.9543492440841 606.511189799987 589.7066482046837 554.7865356727087 550.1609009157881 755.491011426419 646.4835792150883 570.9087354705925 573.9591815326007 621.4427324654357 613.7153724037615 619.392779896426 759.6467565777228 621.6032083072269 716.1944694074994 787.8732769807843 737.6660367022629 647.573693137967 612.8451378022404 705.2014233778914 942.9252085678605 790.0630251932021 869.9055877148816 1018.6163103079615 1100.4963450974017 1141.9893616598304 1753.310703612119 2520.5805456565486 2121.0570955658677 1767.2270945921618 1846.089737673271 4477.897523046114 4423.703680509728 
14251.022366746101 21287.358249840512 33628.85860655695 24262.51441117929 94903.03949830704 606382.1594649223 111895.45556077517 18131.88912702985 10317.991896386555 4295.6872305777615 4600.03244311673 5623.948523241153 4206.772030402554 2866.8222913527547 2875.7751745083065 2431.586114276787 2552.6739643429187 4417.656033933603 2672.750334414741 1872.5153868182495 3477.497137769677 3319.2408861894232 4575.787511065441 5735.973183378767 4187.117442151837 3765.41249837703 4860.235692422943 3326.8436969339336 3304.2614944981583 2696.551843987248 5382.132941568743 2290.5574399213733 3297.478390432016 2742.6261819123088 2060.972340960077 3538.414841549618 3498.0817856084846 3844.5824858759024 3302.5397786869526 3284.203972491097 2581.47447142348 2637.771172787036 2154.233338401871 5667.105502316882 9619.162993552447 5695.931855728522 2483.0298857232056 3375.011120221344 2315.440460716341 1708.1274071539863 3398.7991466794588 1539.847943868741 1185.9625868574556 984.1262460168123 1644.1668405472817 4047.3770534442215 2877.676735916208 1195.8476676192251 240.13628848469855 694.4093074478784 715.0585088717188 1089.0321950531445 2260.0917412464246 3765.541631286832 3465.51902452676 789.4109709913058 995.8145127604973 1894.623132411669 1264.914187033102 1136.7993007657215 3745.070849279867 3775.6734334504645 2074.4829473858554 3206.8929335268394 1956.7261986243732 1611.8267205874606 539.6036096674925 453.296576614865 496.5584403810121 833.5968316140641 476.8732000089889 528.8874442974992 421.1870515260681 373.093818943404 754.473492333119 1041.4373104330364 435.82555304214804 481.7767781193504 835.8680866957499 1040.8010806688642 1178.7862196167143 593.7919547335468 616.7635640641685 732.4861972117427 772.0036158803168 1512.2891871024997 2563.372631326003 3062.900817648752 2912.348922093937 2018.936947208389 1658.7535780007272 809.0662856566516 1245.0852863788432 1451.2791879616764 1216.3138282244397 1117.2204344410118 476.46670825665944 270.4074119609432 435.33062531845354 500.96216718181057 473.70489824811585 286.92013121432416 586.4692348293913 381.34676846924503 871.3788061352732 471.7898506427831 251.5733648879798 366.67205371965923 624.3324266751895 456.8615500999668 467.90373778376244 445.4257116141315 397.1170263089656 428.36171334738145 554.4340270985952 1082.294211438131 1890.3143763854134 1423.8562894511424 1215.774926342368 729.2223147433681 693.1478512177613 751.0015006930132 1006.238621070647 913.7625454835181 316.1391901741351 752.4526406336553 1055.9222025317774 1292.4931536665774 1050.8436990807256 714.7435582920187 679.680589463584 600.3694710544489 471.4161306777316 235.65924008009918 234.56583029113435 351.06238688159357 1314.7925393765784 1444.832916076366 2150.238603421568 1773.790943895774 1143.577122667504 405.8567999995109 823.2956157837331 1267.6093240922955 1649.4760488656775 1272.8330729512352 1526.6594674187334 
8297.136597908346 11997.3303663113 17549.85347181519 9194.843528981726 17431.355176193658 111895.45556077517 640128.7378598299 69525.55656343747 28069.592810672504 6637.687327169484 7006.314136421118 8490.5138668267 5464.639486437586 3466.199648304776 3370.956725029019 2991.7616100932455 2845.7097424478575 5333.304938866386 3133.500033297614 2192.106504782218 3969.7697894275598 3844.184639175622 5553.446403146787 7095.820378741484 4860.046083763185 4054.798043107619 5137.114219577826 3571.026527252413 3697.7648766757466 2809.31599373065 6205.674111846954 2288.3873158421006 3609.4256496028097 2922.590984058733 1958.5190310472644 3697.22420071581 4096.753523601204 4643.432415706769 3869.6328295265344 3688.823774432319 2693.113463061322 2536.3961031387826 2068.005893670049 6100.102809512203 9355.755227568156 4669.330086895043 2250.434823926069 3033.3070348493006 2160.5296337183654 1557.8890200072972 3173.5469776225646 1350.854919126847 1121.3981368364148 940.9999675625403 1450.7878641001173 3220.217339442335 2151.645568941374 906.117085167794 198.12371842971876 536.790189680958 605.8356158352767 906.5973374158568 1729.5069140671076 3393.086228532651 3270.3635326241993 581.7266289203458 753.1276055682297 1661.3791754394997 967.2618553647426 747.1188762419735 3282.5602830982803 3562.9608133995 2104.0487296885735 3423.5229730760784 2493.352448008771 1996.978906878995 591.2042285033056 536.7292401085014 467.70795891996664 962.7597034973942 603.2227804830383 606.8976014669765 491.03134094034357 433.8795158048993 852.0203893011391 1287.4122434529424 481.762761958474 515.692910896534 1087.0076203777305 1337.3504461809737 1580.4813580377659 683.2409088914281 725.0915807119334 833.2504915214745 712.6379101945379 1527.5880123578036 2703.1751284557895 3164.8036253141718 2840.3820120161577 2177.9341688082372 1826.0945702390077 771.4225312526909 1386.2685874312758 1602.8490666193368 1468.0006140598869 1323.2224671383276 551.618471386399 297.46508971618204 505.66765263563445 579.4681372996621 542.1496851993106 322.9138870320298 738.3086078948597 470.0611009800188 1069.2073963767357 649.695059284118 271.573627297731 391.83759003979554 808.8259261048137 545.0475582469155 530.7417816357123 528.5703488083781 417.20674665821207 516.6439640574259 673.9624920708083 1417.0278263465004 2255.8982787179975 1670.1095852707153 1415.8933941481876 773.3936479557833 807.8442482101553 782.2427387768544 1158.8375983073047 1085.301628560189 314.59316248553677 890.6634614397323 1343.3417089168286 1538.379413216592 1203.229892777613 814.4734947886221 774.6836819614783 635.604312624184 467.5058688361224 250.87734604652803 249.88856483837657 356.3134030190694 1630.582492341868 1504.54660448876 2139.497621385546 1784.2989841181616 1136.7409480519184 324.96081345570775 589.4993733585336 1083.0520661519863 1343.9028549963452 893.0828257621761 952.9351052426017 
5077.737656716908 5584.295221226693 8198.316956022813 8957.416530518853 11539.57499800376 18131.88912702985 69525.55656343747 532290.5787140904 193037.73821511757 20546.82508327322 17812.752813479467 18085.50113971276 11554.240649405978 7171.929510836954 7065.171197707658 5969.44718483362 5801.932929194892 7911.8182599489055 5298.5185286972865 4189.261968333346 6136.7112070470475 5690.726682935489 5990.318170892444 5885.823842114741 4941.596373048359 4262.788002599659 4237.794225021322 3869.236583465272 4349.275294733398 3667.3843524962112 5477.911802818231 3511.266407729527 4410.817752653631 4099.353424708234 3403.3043309456234 4625.382590530292 4408.302314781444 5150.533304252842 4627.0235843622795 4317.737622595987 3584.8734846597536 3681.3546798224156 3147.95588621367 5185.845300677761 4071.7697798913223 3957.3814939662725 3138.0841412257205 3833.8561196493597 3501.7989168642553 3076.999738408254 4506.627861870709 2357.764392467995 2136.8802447961934 1989.9877712628042 2336.9563337622017 3685.227874951153 2168.948916507121 1145.5488726237493 277.1932192603766 829.8977897930599 671.9960950046122 828.8489380956585 1590.0838468184595 1886.8732647756995 1612.0903772305549 621.1599381524462 830.2146085922076 1411.6856987415697 966.8786268026558 775.8082025227327 1451.7257465339842 1286.0195339358859 717.9588195763102 1477.1576162738454 1677.1290038349077 1900.5852479000803 972.5631999991476 877.9614953556096 928.7534871350745 1452.7442923738838 897.6410107749389 997.4801542175902 828.0559249045562 766.053133729054 1116.5397564500897 1384.3046483248256 810.4142453110237 837.5006924052657 1243.0039484436963 1209.9820079530807 1539.2362251374843 939.1785151190987 889.9461556249582 1074.0478212124576 1027.9873363291488 1349.7664124393068 1378.0528418904796 1140.2494301778459 986.3571023436903 1142.4441526742316 1133.007905705408 869.0710099765283 1049.1496252485986 1125.7518660626224 1198.0892272718668 1247.6636082595771 751.2935259774774 542.2793683407785 797.0319833999803 787.379504046793 763.9095973337857 535.0098422535186 1041.4937939255171 699.1022272867652 1156.393835929068 888.903291954038 464.7158626845249 579.3484196286505 967.468857676898 781.6166707195422 780.942628731978 747.2601906573167 699.6316168745329 723.687624459156 995.4062513045967 1120.6587837806514 981.1546974784068 857.9267860035661 893.2273003469164 722.0150228931909 737.76631420066 769.832436109109 1014.9257916404267 946.1026376134893 552.2968720385857 956.8827559914765 1057.1439614172484 1104.992328051064 979.9435464962406 819.7513830799335 892.4142620702416 738.7770070274057 702.365937807807 427.95045551867173 403.8426884286798 529.4787383373814 1044.0534474653698 931.9209174034361 1170.1401235073074 1087.1543467537072 929.1596177699848 436.55516350639505 662.3117076309271 911.0958649641829 1086.7001512813874 690.3960308339 796.7828114345945 
4084.859243321564 3954.2269392709177 5776.396917824792 9581.324601202166 9956.335792639937 10317.991896386555 28069.592810672504 193037.73821511757 440964.21016592515 80354.95322610819 48705.90008968895 34211.51507267758 18419.91366254299 11743.997273843572 10421.563441716 9592.379478334682 9542.311628350402 8783.677369392904 7417.408853304202 7021.806186914379 6858.317970021997 6433.552924231898 5354.644365507066 4675.872761548798 4598.422711938187 4252.840275771629 3484.079962469703 4039.1334356752714 4332.551193593362 4672.46945541917 4492.313673647513 5160.114534848895 5109.041543284819 5672.762935479977 5218.129587312665 5048.964874976826 4379.993321465826 4428.522866268657 4782.275965251897 4761.829698125026 4490.933105673176 4200.343250498208 4497.205573265612 3979.2295471281873 2537.359408073265 3416.409008263 4202.2918210396665 4325.542387841022 4842.241257375904 4993.3740938837645 5318.058048079634 3931.1191274422704 3366.9405821290675 3335.5459951632283 3704.794656894496 3815.1958080096415 2216.532751000482 1514.1692876782429 573.8123824060951 1006.5486969541354 768.8345844797351 919.8939846768112 1236.0616469971771 1381.9137629422696 1107.2155077570567 722.4489537570955 819.9494081133923 1286.9315736157107 978.233567195348 882.6748931450364 999.3174163428538 700.6293076404353 411.3254444051356 776.8646960945649 941.3769232885363 1490.4885449546864 1562.0663070820658 1394.4191261824492 1341.0112018445304 1420.1130288377014 1254.7262909291226 1222.5588245590982 1106.1096687460386 1173.596343570831 1230.921518943606 1322.4330697292107 1091.971597766623 1117.5879759148604 1227.9601155296675 1201.4207541204723 1271.0940138140868 1245.6965092177493 1242.0200562778489 1263.2188732765526 1209.639109022548 1118.5804679335765 817.9347047815238 649.5461870347797 565.4313547851735 654.3690376871477 872.9206298229565 974.7328528229667 877.876403543206 728.8682245787353 758.6411965496297 931.8381552255845 920.2101635950258 792.5556953968135 922.6645774055389 815.7174304025026 937.4711523029206 805.1448391842315 1040.9329239494182 836.9896911074511 977.2256255276232 959.1203977488059 873.9337852656781 871.1664313619493 937.3557957095802 1010.4112515061847 976.3129702998527 897.7840440858026 859.1065629747559 824.346872357553 1038.2724338315275 899.1351759133767 620.3112552334387 536.6706656727176 525.1487902213177 597.3141162347993 644.6125715171127 640.9995069058122 717.8224496401889 893.0923753081543 876.7301523816726 918.2317580905747 819.4236711407302 663.585804501552 732.1218557675072 893.4845847339938 925.9566434401871 839.3183819750052 831.9148626131032 641.8292590681053 587.3794719444292 718.9580358534727 885.3799141471051 674.2194751614918 759.3496604860229 696.3451184810502 802.3649751506239 570.1532833665765 708.8580366120497 786.9115347706266 857.1932351661671 631.9113990790864 720.9882921407122 
3363.194780858379 2791.9440422532325 2941.4927074024695 11835.75924949287 11253.347505749798 4295.6872305777615 6637.687327169484 20546.82508327322 80354.95322610819 515914.0859487552 127987.63730353986 46537.995618347224 25051.78162955901 19505.685893308786 16162.332904073288 14815.578843611314 12815.79210945412 6936.424953582598 9165.94081835954 9890.873361551585 6234.477490598711 5927.766373896512 4036.64764749524 3166.9628702717882 3873.727125941866 3737.3471828641423 2584.1356822095595 3605.125944859036 3326.3757072692815 4518.218377033626 2497.2685627599517 5783.454984190638 5295.589151699062 6394.237342257564 7629.93921785989 4166.867252077404 3498.022460481071 2912.096373715769 3992.621394460271 4277.30424614617 5104.0631950804955 4594.6461010947 5141.615780936381 2297.1191099781536 978.9763806537969 2615.235153140387 5212.267799928492 3311.6335995257823 5365.005097724381 6270.707955829047 3876.995726507592 5653.642666239455 6513.243547043586 6973.8198281314 5756.460737114616 3145.5967448962624 3016.406531774875 3051.1652893592322 1072.359313463587 2194.3007210007395 1691.2522608011495 1720.6452341348395 1403.5320593462611 861.5999686868132 609.6958109103892 1382.1950553032339 1435.403743331008 985.6315271051624 1272.2014295961046 1398.4488492952314 512.240057199864 328.1541646619593 137.84878249011877 338.5893534180729 586.524956569587 986.128769126715 2160.575599023581 2092.2426682274395 2138.7142475611354 1120.2101731502644 1661.5124398091202 1469.0248334130977 1544.4649489880626 1613.6870040195072 1315.422452099959 1048.959731113321 1473.847679377927 1557.6483309516418 1028.9487713179383 1134.6750218256548 796.8339826687235 1382.2325005186626 1513.7788886976386 1196.2167632476735 1465.8283945657915 967.8556028238626 454.2487452837621 287.67227639010866 261.2641964203414 293.57737798843635 484.4444190785045 1100.6809398455448 590.5658920465333 380.8659062461873 486.57148270541535 570.1818011642497 1102.8593728630506 1317.315150003227 995.7662627118289 963.4913230347511 1014.7953949623665 1272.3185577241647 980.1417506939998 1003.5115652509301 663.0152426405061 992.6044648193989 1198.8376377687798 1153.4248418028715 728.2088386442222 1003.1071672873408 1116.0729289387173 1114.2068675939868 1156.6613984133783 978.8704935093688 812.8333631737352 638.9833027539349 207.31885395820242 263.6349725056922 251.17403989632578 483.37952043918636 463.61658582458585 513.2056743589527 472.7504651124767 671.345773830027 1271.627054347448 685.121980745344 579.0459251993868 352.35899319193396 476.6841918500002 847.6483225292269 842.0598137532633 851.9754903900648 985.1715701088684 1265.3086723233137 1092.5906742937022 1079.7175834693173 571.3333212949619 424.8914173272212 399.914034787671 387.5257743204745 746.5896923476666 1059.4959397043017 864.5701593240537 627.1488425486853 675.6641969831088 810.9601507527532 772.2421803770382 
3389.7062937462533 2890.9471467458993 3521.5968573633895 9529.994990545256 8977.59497135741 4600.03244311673 7006.314136421118 17812.752813479467 48705.90008968895 127987.63730353986 469930.2353478568 133569.05359051458 34062.00620550339 20471.748925412136 16212.612415535472 14040.425085932979 12286.239786597935 7265.414933195274 8563.771994004317 9094.579470468487 6183.439406987302 5935.777579584194 4488.002816653441 3781.2248490660213 4234.2813786270735 3918.6004857929365 2866.8450023156047 3881.5465691872905 3741.4352109529896 4582.512893844463 3215.8188712590672 5511.679387694092 5175.50401281834 6085.950172460345 6666.428489384765 4410.3025756517445 3791.7101283282504 3338.8150091376056 4273.22666348542 4345.841471874857 4874.541235913428 4013.1601633490595 4965.8347474649045 2612.5424026543064 1347.3254148612293 2711.6879450844826 4365.746063087636 3379.6720050029753 5145.548481876318 5551.6394175630285 4105.9088030460625 4659.700723069518 5085.392082270929 5357.305441456433 4888.806454472645 3442.2838123282863 2644.846831237962 2086.9156120019466 842.5689203178359 1646.271497804658 1224.858415293799 1256.9794890330131 1191.253273835759 1100.2923844644358 764.6204614761592 1087.7388005081373 1064.793269175316 1109.035888893526 1144.3825645937857 1135.1528613589433 512.4274327254408 412.27128909306657 245.7280217838748 437.7481255747564 592.9635194847243 1187.9826622720384 1965.0759901611107 1764.421856343113 1574.782048765761 1102.6877333858436 1393.0282798230162 1278.8037154314966 1429.6338809488652 1398.0127391567598 1177.8253899637548 1080.687511428608 1333.2127038413087 1283.9561553221915 1081.8599184598638 1101.6073119391801 878.5249861400532 1304.119983430485 1264.7275525401121 1098.1262154641313 1255.1894466192473 1005.0540979225138 534.3454139288438 308.25781211088747 289.0767871105095 367.656838680325 602.8568247921717 998.671640069176 673.1279344734311 432.4883411987365 494.2396250798842 649.0543234555346 992.2847833709732 1110.3644396272289 888.2200991968075 879.4497842932348 972.9641116192205 1056.2815162463269 945.7437430549129 974.364483078497 668.8921990116008 869.9777881841059 1059.237984089506 1126.2794732151322 698.3239723643849 944.3803326069697 990.4932490674291 949.6930703005605 1023.2784099554602 905.4202436109264 797.6540572445907 760.5124182076571 282.2130874846187 274.04324441425393 354.31194018832736 500.7043286978137 513.2294904689732 625.3236336602557 516.5987417095812 716.5025247320691 1138.2460565325653 781.8773302679475 640.6771968222272 447.1327542392795 596.0732014637967 794.1457972520989 749.5915075467166 894.8063047195391 952.0603180877367 935.3300889961477 940.8461436024289 938.8325799652893 674.2012930775878 507.68169458612033 459.4614945926227 478.7899602874602 714.4482104285028 809.3562372684775 778.8269085337308 646.747925737239 749.7177108171985 516.3910550711494 706.3528521144787 
3123.4480364875403 3075.034438104207 4425.145191001418 7827.939953148919 6998.0288453825315 5623.948523241153 8490.5138668267 18085.50113971276 34211.51507267758 46537.995618347224 133569.05359051458 456324.96283281985 102953.64448918276 28208.278273752687 20371.29934097138 15858.49930415949 13787.37512817123 9727.237723111426 10165.487473718009 9760.874346775645 7705.814674816615 7065.798690355828 5657.200241074596 5029.772754636459 5195.715873161964 4579.796209134991 3679.5033785974956 4502.751051077331 4772.123220211615 4952.361347433967 4298.3927357303055 5569.597353345961 5766.4375237176155 6542.399617631452 6003.015551018691 5466.210574548555 4886.086388080594 4619.225160386361 5384.050629052373 5233.007325336674 5220.639533016058 4247.052994862238 4685.587884311739 3677.222147381281 2112.459077222414 3149.621994660855 4131.461374046184 3939.6388688920906 5179.200326696981 5688.756078477902 4536.904318298924 3822.674765715276 3901.3013742599464 4072.959568993507 4193.367998085168 3798.1667874507025 2189.7452938683086 1599.1542007523724 502.5376425468368 1036.880101664773 777.9505013909562 982.0100980312762 1195.3205382301453 1344.4015511904001 1024.493671156666 786.1678658576662 921.9541939152828 1426.2901255341944 1067.7576028068659 864.6338531069405 819.1325023300353 538.000042172967 319.76903309218727 655.605775167406 892.4820886062597 1529.0932046959617 1965.6944804897719 1772.0074118819832 1467.7535306907816 1293.0368824646491 1538.6127821410466 1416.8109279820335 1399.7426768304438 1307.2493361473669 1406.1368395519812 1316.7630964058249 1358.7925659569075 1298.2289159227728 1308.4422318172103 1330.6626476108631 1206.6093261961244 1425.056394615703 1300.5652598021422 1237.4581780284161 1225.362989218099 1014.2238725300236 663.2536246513663 446.8902923728914 389.39884834922594 451.22970136132795 800.4723920501863 1034.7233224445627 840.5095876059679 543.6910722163275 680.7133262031144 886.6583555637976 1077.120763727935 1000.8037791356307 1005.0656653286723 869.3483188661957 950.533899882665 1026.7576216684804 1114.1984018053254 994.494846464888 921.6704896198976 984.8009682990728 1059.8328684214323 1195.7371005068771 1008.7642530650498 1065.3491796494977 1012.9139552524032 976.9731679741218 976.1588189172106 883.9118972901385 884.936495781339 928.8068547735803 408.7814635231532 456.37164125173604 480.0075133136911 504.30314255172937 592.7707323468944 802.8632794918112 617.1467910994418 839.6193171037111 1099.6893475675736 968.119868916448 733.3661086228653 617.8116311927092 712.6717272569156 871.4862167984156 898.6155947598523 812.2153278514073 948.0935908770064 693.6175488950057 717.7185852391408 818.457126836245 781.1773902887958 590.3274704887416 543.7181755551251 615.9997111513684 819.234471549264 587.014977670303 668.5170007630844 692.5007733683648 803.3129945422287 540.2395797918706 700.5149075820246 
2943.157690835475 2890.8390617078708 3530.4015352848196 7526.541666411421 6586.715895262288 4206.772030402554 5464.639486437586 11554.240649405978 18419.91366254299 25051.78162955901 34062.00620550339 102953.64448918276 460995.31449514156 117364.22937101868 46407.711502327 26655.88615634467 19731.166704211002 11037.69153179742 12216.649055977634 11527.276451149788 8739.190894476355 7666.039151887062 5960.64216582504 4961.654003232563 5441.180382609366 4951.50593476036 3782.4218877256603 4642.835296591575 4790.876345159376 5477.715153089126 4096.498280138134 6035.863935799028 6030.160328809643 6939.033776430045 6746.1247296666115 5417.398247872789 4954.312020190916 4425.632592989117 5478.147359314236 5429.899362280035 5427.824673590146 4243.5211498727585 5209.024781880083 3415.129483874383 1756.689487874479 3125.0569410922367 4432.8377280071845 4039.034009438474 5605.581684892458 6011.911765651456 4788.91383515058 4307.446295729633 4531.5017204126325 4704.4618790016775 4793.291077293868 3978.093981970557 2407.824984058383 1762.9948809730165 695.5421653367697 1298.6000902779497 977.6760225277285 1086.173849068313 1245.474026969333 1201.7381982045229 921.5257170619846 919.2785183137089 1081.1146016346834 1371.055314133226 1129.9462212836413 915.1858578409638 692.9204175604847 441.6163978885165 184.40811431674337 560.1219872364646 831.8172457977095 1353.7083200769737 2016.6884583104484 1891.4525284470367 1684.4804285474454 1205.7799015841158 1510.390394877684 1297.374695538028 1412.9570176777333 1434.7633511232664 1377.0981567423387 1162.3137388348664 1314.0925048078068 1330.982589509055 1282.2417803540907 1245.5572886335053 1073.0561144099681 1427.1204587409418 1375.8035379497658 1204.387488856234 1207.363372272769 971.1021794431686 565.8765437485358 357.03857941289203 365.2041701495935 414.16777324144664 672.4696310542903 1089.7934912722349 773.8059647209965 471.93888265326626 565.66655712061 764.7062828767331 1062.251123926659 1076.2161822594474 920.7522256757265 851.6452282664901 926.4346162642266 964.5852088191906 941.6801727266403 1040.9841668508082 792.2673822684453 963.0990685799193 1174.345147393343 1240.7398897357232 982.198151795187 1053.1770284457305 1069.710828023396 924.7615860736558 991.3199208350103 846.4184736747474 843.4972953224636 903.5514116989006 337.9465564370016 356.7981282126402 448.7867327025633 537.2453733658344 605.7967557731198 711.9718274316115 572.9033707123734 901.1211154301354 1120.2436983798386 817.5587876519324 676.6817156104652 572.674647725893 653.265273234976 891.3435299879422 888.6473317125256 895.9723415288382 905.7398740317379 823.6563628815214 773.9684527139914 885.7234173948308 761.1727487559733 636.0860768773692 467.40331122887295 561.0341007119483 722.2245857880152 691.1068172209681 660.8655755954819 652.5341541557599 771.2254536299013 517.6042886172057 721.4333800985828 
