558135.3445247271 195698.3443601137 49177.769023849185 27258.746717359547 22433.863128803587 19678.145034205416 16101.632959092412 10666.161565932527 6992.741871510026 9792.503730252594 9625.022401363674 7864.695664068968 10891.600987450083 9721.983640382508 9959.384031911839 11891.937855184193 10049.525891097317 9090.731585952371 7992.888035715374 7065.8637056209345 7471.463293101749 6120.000441255545 3546.427681298907 4486.559739719871 4547.98461108361 4882.570134052703 4466.395440266426 3545.196272583543 2329.3349674045644 2210.3678652123544 3978.8196841379895 4481.968569429834 4539.3925914663 5905.637472058211 5708.061362625058 6373.25561471236 6675.031170145872 5691.99432451975 3875.840024452222 4174.474775829793 5714.4925362064105 6548.493765605407 8046.271605465745 12958.915167231613 7350.195438497101 11894.36308217976 5889.690975424097 3810.68043632473 2451.6574549738475 2165.2563055600685 2280.572975554779 2143.0945855929026 2136.179672085023 1928.7814154940047 1861.9873550136092 1802.5301702844768 1682.5292127577832 1385.3458450476107 1258.5718705550723 1256.0067517170382 1241.9581600425545 1227.5776514374186 1246.2672397895083 1248.3325755482504 1213.7141559971149 1214.0847546473806 1290.8843323220306 1150.9304789508046 1034.8213691205615 935.4491007868317 904.1115699522793 1024.2130908638906 1194.194251863802 1130.5441510357048 906.2427525927366 884.3433318962389 700.1775946328999 856.3223906610161 800.2489397329929 784.9097915630063 897.8814888117573 781.7576343659897 905.4986608485416 974.6295071090467 2000.8389714366829 1567.1911205998588 1250.2203872709474 936.3679571487719 827.7184206798214 730.6284282517303 872.6435898615024 838.8433671015391 889.2531232759886 771.7942835461213 853.2906699421334 919.2083843674775 841.8505585286034 616.298877827111 536.551585962084 455.0108386554278 458.87651644862456 450.21038784195053 586.7655363135287 562.7097279852999 483.40784648534725 527.6359208321201 496.8684092825216 504.33171346210423 492.10713569972285 418.99875648622964 473.5328329029567 451.82424637910924 459.8828543028798 368.20571790599354 376.88410711368056 420.27838290158917 433.56793257368133 421.0202948122565 507.73610645558534 475.30503546681626 470.7049072033051 547.8674852928865 549.5688640010908 530.8376497325245 444.4372518503133 524.8125791432759 397.79728951598406 406.2203812607696 421.97123052900645 479.05789342918627 542.5131706272512 669.3807024448776 570.9507346736507 638.7760143064057 783.8159468630006 823.992329865248 756.6721892274218 1175.8405758189294 964.7320149770853 714.8652041966488 631.7515290504732 997.8872383900881 851.3348651671828 1404.0113372551 
195698.3443601137 495664.10963818093 94170.72890779022 44043.73799289432 33712.12946346502 26845.36905400587 15940.587212113129 11352.740398249109 5624.208472460984 8711.623326285899 8752.598321137244 6604.9224471909265 10197.686917656101 10961.082410287521 12477.718650525205 15244.738775786263 11952.646998600709 7903.438202569288 7950.219403353424 6795.170134119246 7189.422970910591 5472.757047860837 2617.7969715307586 3741.3881732045134 4288.347804781115 4731.238740516092 3891.6592095717483 2848.803194460351 1740.0511876869673 1674.6333148210601 3046.9572961767976 4083.0861991628226 4254.265087972599 5397.488912696253 6793.082985067703 7264.30818850195 7286.2813905099265 4580.083370884151 2762.435345428188 3575.8732515729216 5549.936152531985 5265.353216422339 5942.746140630107 14190.82765476368 10100.553701551005 15412.525365618514 4570.735984782005 3443.2194091254387 2160.4533994069734 2088.019681274233 1834.6650720078899 1797.0168693898793 1818.333295839736 1619.2113323119443 1403.7736413730363 1523.0679320629606 1389.844056730703 1002.923103793999 1091.9969470110457 887.9750886452158 976.8797979521204 1097.6074161362976 1027.482172388594 1026.0545299763917 938.714798065644 902.959952479916 1029.9272851210676 1028.2133792190155 825.6302404053334 735.40981556372 753.0154296375022 860.7810626406539 909.4728455479199 945.2559806207827 725.1364989704894 668.8995552820679 631.6016314009976 702.0028946611415 626.0977687802359 641.437348450079 702.7801927469202 663.2341387209327 832.7002297233745 847.3736485472155 1695.9963939884954 1225.8318672433006 1305.7117433168316 914.8662594298635 671.5423962956144 591.2941575077592 701.2118867641041 724.3168987703897 726.8426195508065 595.3364391403901 686.9624289402119 863.5181382211956 712.8138284677298 518.2398546686211 419.68295319909174 347.70061622299346 331.3750645684899 312.383832470522 547.164323065379 403.1291334980346 429.56804353773356 426.11997080014504 443.6482717877994 387.61526929694685 386.3284497517701 349.9563634193494 409.90542956360065 437.21607017617663 335.29512962377794 323.7465756416453 321.3868563133338 357.67269542860976 379.95375482618095 386.52839500147 427.33348204928984 378.2600525728565 473.59793425116453 416.7658542556115 411.2927772574613 419.4504676628911 343.8802103157946 452.502540061202 320.9891246057769 302.58316706163373 328.63717120618634 388.9604326792202 484.48759747766627 573.962546128261 495.3355363977241 500.8593346885412 741.2583958288453 768.864167525388 790.9170957114374 1311.5475180902413 871.4396610977104 561.7014475048907 532.4827833567414 757.9284499499691 638.9962368035326 1059.5128321718792 
49177.769023849185 94170.72890779022 470730.19873163593 124755.62790711621 66483.73293127956 40920.69268125455 20485.678680235822 12659.396409638479 5622.5223451798265 8776.275040942755 8380.681674914184 6414.846835604966 11273.619460521802 14982.855172328125 16715.534731020063 19144.32499709065 15057.769963893314 9249.945841045625 9540.148956025714 7479.254962227757 7455.329327841752 5315.717020219581 2501.26788316514 4192.96900571372 5580.6552930939715 5175.370602893816 4175.907101004123 2736.4884352436134 1647.9889031229784 1683.4923381334431 3160.7782701160627 5391.6914787860005 5994.686369905768 6190.711907260121 9235.47304253892 9373.054960247282 8571.143926544146 4499.234364319084 3122.821795460781 5144.296230537561 6359.82790722738 4604.983801822238 4607.72561770055 11423.676148201575 7099.528158524354 12175.113228045013 4181.334591838199 3693.1169403695503 3106.7794023735482 2994.5023404848844 2464.449421659707 2190.5597767925383 1992.7402167043638 2052.3325027391465 1747.2151079647695 1728.3216819262252 1713.3677144481774 1337.9726701017507 1396.1177997771474 1039.5408325103363 1286.1144271382132 1345.2130655780695 1390.650178943607 1550.8930387864398 1169.6944158474992 919.9374906734932 1157.0539406250448 1360.480614498471 1116.027703009897 861.2535666615877 1053.3689921740947 1064.2529165269857 988.2760139738112 1216.5732905222753 1205.4659477279456 960.2422172652642 889.361611111207 973.4595723835575 823.6118832140171 747.133558906603 815.102478050865 997.7872597947073 1287.5831736038963 1149.5143980199082 1669.3458804204865 1433.3551209167363 1735.169925773513 1372.6847780420464 866.3580335542986 759.0317956878746 934.6489339729201 1011.4528793368981 803.2905866808711 595.9049277563859 750.8613635996594 981.4536231008058 688.5984161164298 506.42430392648805 424.3061769300787 369.21231718217985 342.03875714096864 360.87408462481085 529.6872912299282 593.4424550637709 651.1123830895506 546.6575646115923 584.9554691768891 517.5733988089828 517.062455842109 579.821214956502 609.2176375001972 573.9751355446815 555.5187271273164 460.3984824513504 490.45952482188915 460.1872733751719 456.1871565603719 431.3624584291363 492.78923696523134 488.3277891026417 551.6906792958 466.7908400495847 391.3557694373611 397.9362923433796 356.2693818882026 501.1977532948513 355.10093071451485 338.7144773626 408.2733685275967 430.0504973259531 585.6936952144632 549.0607289842214 459.26047615586594 525.2309119643764 846.1529592774642 1044.8253981225748 1189.7006903189333 1228.074180694141 721.1615123918247 474.4640507758076 367.5744584607708 521.8973009263018 377.8490291726311 510.2132692521118 
27258.746717359547 44043.73799289432 124755.62790711621 480367.80957562884 141269.18276546255 58200.48361229407 17396.99399508522 9969.117628568569 3332.436129068589 7214.067153122617 7103.674750197839 4399.03782281534 9808.298376513156 17843.852881307703 21894.997936329077 23952.60660278901 18686.0475080228 7742.0248792887505 9219.337612975049 7038.557889166035 6690.7346337464305 4204.210322668954 1517.2636902578097 3385.1213795346007 5432.749692061648 4887.752286506891 3364.7594124590905 1852.397743749392 1062.6790418006512 933.0958321445008 2202.6790758809443 5645.761261681723 5799.502901007503 5643.376539707182 10403.99933398864 10066.576200868898 9077.08404414348 3157.2181803760736 1682.3321819256912 4077.3315461847337 6143.74861487177 2970.4847547781624 2377.9324059341425 9701.056576240206 7852.794820866834 11487.179156510832 2674.3232664678494 3026.573508324552 3011.7877076874115 3367.751335071366 1934.3251681595575 1904.0835422923867 1689.6829805677326 1845.2685320506953 1288.7798523064719 1689.8173747937249 1511.8214176850092 901.7180516930706 1411.2476451958262 731.8373910667874 977.4618902983816 1436.4962162033519 1320.7826982572867 1023.2035691350989 832.1120024993917 621.7336864578104 897.720027420979 1434.7959988553935 936.7138253438536 623.8351216013353 903.3047322185711 923.9496487932396 698.4684878735272 1234.608288555109 1008.8277828050484 906.7293259655386 969.7956209609899 803.2591881909917 722.1604554792161 529.9876245439875 670.3320360166766 1104.617130048869 1333.7724057002117 1172.1747322381107 1529.8379349188103 1221.8023190161246 1885.834918890389 1283.9374784025845 693.5115050091213 706.843353318346 944.9889818570704 949.0620278134334 769.2903367534083 382.330874117784 560.2649755662532 770.5014965331171 623.1210428479174 290.46811447640687 262.41324025813776 229.37821226076875 235.29254073183296 208.06125401596395 465.25155136824947 463.2783331084519 662.3677011314255 529.8754137081405 633.8965374464185 539.0991772536775 398.6841348666633 601.667277323232 598.918590740318 635.2011389472715 408.7720421557789 446.1134398453659 339.18043599558274 415.02072571638166 403.4641092133503 310.2253720793347 413.61203669142895 396.9707262194328 577.3650874693188 408.5588450777231 288.8768495211374 294.99531933250597 246.9150424160501 445.81924990618984 237.87069812152305 292.6212793243567 318.7121430505169 332.7816359451658 540.6498180127154 432.7421616695202 308.7885823228051 396.38162871589515 760.1900941641968 851.8693985813144 1176.1687740272748 1094.69184150792 596.7349142614908 326.1993119765295 219.73088838174698 352.65471311334255 285.6036712948507 313.4897727890685 
22433.863128803587 33712.12946346502 66483.73293127956 141269.18276546255 464724.0596469573 117343.58580488132 30954.570984889408 15447.14628237386 3354.1589126332096 8138.766157300274 8035.314923616356 5011.291569288037 10850.622559631072 20455.17548045641 23503.328688413996 24793.571319303952 19738.19725818211 8120.814489421372 10044.438145921444 7020.001318225661 6810.965259650643 4084.4214786633243 1418.732920792104 3425.481691877668 5861.218521676582 5028.775396777485 3609.2702361375223 1907.6291968241635 966.8772454850026 945.7331988424529 2213.1590141532292 6095.205555809247 6046.074520597477 5622.881483175971 10870.431144243852 10488.724844642025 9424.55629446746 2996.854598616824 1573.5339486110488 4285.796014602349 6234.568012086905 2858.576519765465 2169.8627415125507 9081.875663991868 6805.730382572123 10435.289115862848 2544.3187627012876 3137.8355405922234 3066.479755305226 3247.968639218155 1975.1913844601038 1967.8193328444959 1582.8202646687992 1886.9307359797062 1411.691669136295 1623.4375508582518 1474.551372311975 856.9731809914313 1471.6617901619234 664.6894558586482 953.2364071832081 1528.2242251617406 1296.5339774620709 1081.060319849938 841.3652378251068 615.2435440850521 890.7760947002151 1517.9432719295216 947.4971863454442 657.8286822570608 877.0657785873555 992.2746928902977 613.4009805129955 1275.1661979080784 1029.6578039561418 888.6695583706552 983.1431263345355 800.8791343547736 703.4499064141622 510.4980202486404 684.4354257546615 1148.8241003709118 1454.1579686463847 1207.0724559524494 1444.5732531784422 1249.101970005876 1978.6959678831463 1306.8881510718745 660.1208996265905 681.0897053947839 915.7961497365919 901.7670208620169 762.3816290868837 373.2366081835081 566.5011310638835 781.4612441358414 579.2280713137474 303.7933411833505 239.4224010281491 202.03831623164564 235.68297088062616 187.8128679545907 455.0954653226252 443.8727155824886 725.0598618951527 538.6443411443184 599.3375602955099 479.0221052307094 428.389718894672 602.8287404391376 682.6268663072719 700.103877527991 474.73285866682306 475.0168636608843 417.44968191983673 380.6736166929508 411.19269510893287 247.57555503955516 370.7028487399005 413.39743385829865 600.2228380209051 399.1315004788133 277.0921890676679 287.8526714230685 210.22182219893654 503.40931072797224 182.83054913082947 326.79237437399246 323.67754686262066 342.2965943449649 574.901954944154 446.7592683418172 295.0959031185424 395.40214149296816 702.19583352494 771.4276223488765 1260.782969838442 1172.675339844856 609.2961325685378 318.32424514556664 212.9625103055658 333.82489617124526 269.4664169776991 335.6904401952781 
19678.145034205416 26845.36905400587 40920.69268125455 58200.48361229407 117343.58580488132 501754.12521516235 76033.7833762953 21852.906124707955 3866.172301452733 9990.611593699308 10312.610976509493 6563.532666059688 13156.135769557717 22454.67394999363 22135.390169011054 22385.427117495274 19143.245742755396 9217.984862395097 11063.885107008105 8022.411558583498 7586.7438325420435 4877.04255671362 1552.5101177291576 3971.5107281825053 6656.533238951548 5475.967679860869 3986.359966565604 2152.0184748593824 1072.0976813508812 951.5390382002241 2492.1974515677257 7006.586393629315 6863.302839506011 6600.03694246121 11200.237154836987 10455.322258808155 10149.012469474766 3524.4130103899884 1770.8951141458865 4846.0378253906865 7561.318121567144 3196.866635669374 2333.8384553891424 9492.886005599352 5955.105631657877 10166.056397210596 2782.273750762487 3778.2751117655444 3442.5779912303547 3317.3862077212016 2158.1365033436255 2225.860403858916 1781.4475005766533 2054.2055143753605 1504.9322048150623 1870.8405579636703 1727.1965732806589 946.0955060933466 1648.6205751940804 774.3555192233117 1096.956638026979 1629.371371456994 1567.548727111629 1105.291907667877 837.6413817261322 727.3732873275495 914.452942646878 1682.0054470741043 1030.8638524763007 660.0988871064576 995.6408866433275 1175.03849728948 714.3444655448166 1449.447869381842 1077.697090817029 1009.9216124583709 1088.7117766078752 948.5738997266792 785.486220870271 618.0858485489097 802.4866192287548 1318.5147169498398 1496.212127779428 1360.7306246453159 1632.2254437468384 1471.0691832735336 2005.225553224037 1403.76488728241 893.8130450589938 805.0377640748969 1001.8327999240693 1109.650704676638 878.791021623409 381.4710665857451 697.5492791834243 870.2679844775039 673.3074891462028 323.66791488056344 271.87546963529707 210.06563003649927 236.06376726828012 172.45090558038586 518.7832379142178 521.3192423116091 809.9365885645341 645.9263979287944 771.3223998654476 614.0853353635872 501.4173219240805 653.4586787727335 760.2948797825403 684.3300256788258 493.8298192056209 518.8315112377803 530.856049696374 457.0436800133487 425.64068761253185 264.98406653562927 462.87871657546594 501.8372994063181 670.66897559657 492.2530687009333 278.3612092610912 286.8800996497671 272.49106375460735 520.3640705869693 226.67480981085936 336.9666823764214 358.738615888463 367.9448423587791 686.689192516196 528.9158101203699 378.6787352409101 447.93951853259847 818.1285997315831 837.0549106520597 1351.4684112712152 1388.274319298248 712.7512927409857 303.1328826845829 247.42975024532169 381.068758986756 229.70201599658435 293.84940526174125 
16101.632959092412 15940.587212113129 20485.678680235822 17396.99399508522 30954.570984889408 76033.7833762953 528558.0250325113 77579.42560939812 15541.223421756618 18878.290693333507 23766.304898923383 26987.935867268217 20682.221208337793 12394.092418932527 8563.001985237923 7869.162324310427 7776.349738709505 12257.0831608039 9839.385745274585 11110.951820156504 11012.167074575917 10153.226057977718 6841.57930587919 7802.07116024516 7195.270269320624 7363.660862631255 7158.800254404356 6362.758681858639 4056.0331519874944 3879.5330155514434 6885.1803061573 5997.864925352514 6128.572220090432 8143.21676982491 5132.120237271938 5721.751688625996 6392.3862481470715 8597.300958353217 6795.0445596171385 6135.205936390524 8009.154106539529 8786.791247087804 7969.858312872985 5723.048124073114 1654.8174959124299 4478.527961711145 6181.561674639629 4407.628243900401 2401.6191867377133 1789.2554441198545 2528.368612972612 2760.619893661232 2777.6618445011195 2631.8120988851488 2770.3976547341285 2349.064547009978 2133.1229170321903 2097.052282627576 1497.8811179560025 1884.3039139046766 1763.2034907893635 1613.8118268821609 1662.7521719059491 1675.7723883936492 1624.2774751554923 1676.1616193829125 1783.8600807539285 1356.784745356146 1550.114478407426 1417.633344570538 1417.871709048412 1483.9039181694266 1793.9946582068892 1345.5747546547707 1139.7574373389332 1104.8010507909178 966.0898206562593 1169.959201375004 1258.142390505873 1414.912940094187 1425.4428243929776 1041.8730018009182 977.164267452827 1199.2296995808003 2004.7180306301575 1647.0022537139537 910.4256121459163 856.0698575230564 1051.4108580537713 977.4020031002223 909.9909860768254 1132.0830821164232 1252.4231147051476 1302.380982622505 1326.0075178371749 1221.492194365682 1289.229151051605 878.9801693570364 737.3011169728429 754.7346208409265 688.6609234307084 781.4099192264993 947.6942343741745 848.6768432443423 700.102272205748 779.5143373647384 643.1081205021939 699.8158104598648 727.0105553400598 486.1881608981769 489.92014828740434 437.7787116785667 443.93425091362434 451.6031614110542 578.4742019912496 692.1778196398126 621.0113698862426 733.5171908213263 702.4526972064334 783.7633278334557 683.2543898449186 786.3923411688199 806.9248224110625 775.409989598148 744.908519806069 607.4154145612753 628.8815375312209 548.497569935288 596.0024100059893 789.5115239678536 739.1518467866306 888.1596938254133 947.6469236059307 958.6115425497467 880.1204862485162 837.7546920516392 785.0001464564273 1260.9858647468443 1311.3699732404548 1109.4151619511458 823.1613758144952 833.8399040638341 687.80703558165 561.1258872835199 
10666.161565932527 11352.740398249109 12659.396409638479 9969.117628568569 15447.14628237386 21852.906124707955 77579.42560939812 734400.0684248029 15237.732351521363 22393.865739464756 20747.413504971257 18661.236833557898 34669.00144772442 15791.380912969176 8749.693765772634 7912.562918056248 6814.9718697497265 7942.573843534461 7740.6069222892565 8291.468458435176 9061.218340972035 7905.514049425542 3296.7138548395124 5166.567590791184 4448.484038348383 5618.430743828552 5012.544056561726 4241.541683504326 1917.9375148542877 1392.0730080738995 3141.829326195627 4579.685209696435 3889.0799196428115 4999.880333490577 4293.3757143090625 4417.4277573410145 4881.209165004845 4465.902415524971 2982.133693110667 3950.1832954351185 5323.481440539865 4838.580460882048 3297.2635294716683 5067.141804667852 1153.383285080292 3696.520166007936 2856.395983070023 3102.747563710484 1387.1789354286968 1498.2156581363063 1248.7065270419066 1885.792281108172 1364.541132356032 2165.3465156708326 1694.1198994878812 1750.0628222538023 1299.8813050393576 1064.3433626452943 1006.4787210155581 697.2558116164162 1011.2034807236569 934.5629581381976 1458.235701841869 855.8159162150276 880.1435430658595 1019.0210432247441 1069.5523862911475 695.5168478803433 781.5709002076928 782.2216435936213 742.9109856265837 1316.5630126232727 791.9122136991721 1139.986059947251 579.9610760337852 682.4755411681989 906.6370129949778 605.5210377472364 675.1292582760651 655.5938044636191 802.747886940408 580.5765507004727 575.1249515683212 689.1781378134812 863.6069298477474 1000.4948331824213 614.779555868094 506.66780856936987 744.9863567546965 504.61831097717516 524.5460169911387 343.9814381003345 602.2662827678819 780.1239602128898 779.4796530949158 878.3281840791175 918.6205415650676 491.2330305888689 515.1791341073061 448.28591288458244 376.6850292353987 213.96223365239533 489.7579728929728 307.91201668803376 481.6237597500182 212.84307230424415 419.8274580297839 239.33192133745288 175.04720357238648 399.28390677002574 452.23791163955735 315.2653930628304 248.8421738584186 261.4405937056226 338.58877651566206 407.39182577225307 359.02335880926796 330.3298359746226 501.54056799185054 315.6234935525898 568.1724088064309 487.4625414108621 417.00988669836056 287.51901596002267 279.2812834082728 571.8952774497589 272.414526152968 264.13087149336224 307.3649255275499 423.45392024750066 622.7738250508665 794.4078048516266 472.1377551614857 660.5332238212235 592.2351587839712 459.5965326131956 674.6365567006706 973.4773649775259 1154.110955151855 941.773896758469 401.77884506420844 1032.6493448404894 465.215766975598 453.7912805482732 
6992.741871510026 5624.208472460984 5622.5223451798265 3332.436129068589 3354.1589126332096 3866.172301452733 15541.223421756618 15237.732351521363 686713.3907421955 131688.33342853075 33558.13545642541 28714.66673574727 23492.636152546846 7832.867911267227 4889.402283074272 3750.0135860565706 3734.5833293205023 7859.974450363448 4868.564716357351 6671.611578568856 5342.392655750643 7936.991687525037 11097.04403912844 6875.693490661473 3881.4624499120855 4408.708488878966 5614.4360003202755 7486.871098589885 8050.930492759972 7989.65535709659 7258.052503567034 2777.136182479243 3087.6731320849094 4548.827627948191 1813.895906334772 2178.8417720643924 2374.5784646035736 7145.100700184369 8597.647865421855 4129.962787844946 2952.181002973117 7656.251732892728 9753.188711003942 2926.8692318319822 577.030364378082 1601.519317965388 5150.689502997824 2084.997181290907 1484.037906696505 928.7875162749339 2057.9011091961593 1689.8502338394383 2389.349550571249 1627.5720431276818 2795.0527066265854 1645.9527751304622 1551.827519764342 2325.5434775563763 1197.8936367690492 2608.694561369791 1613.7840257182984 923.3247524363303 1130.3227250389211 1665.913433138883 2226.966399777657 2306.0184812355265 1798.0363355724319 774.6312066399962 1548.4521764073531 2053.3398647502418 1459.2901638264475 1120.4328587403218 2023.3921516140128 872.9507408544181 1011.3829945507072 923.7122671896836 622.7790816854257 1061.2250144211482 1314.8627135541333 1851.5532614200024 1399.548926140683 590.680874593923 593.5970836630138 761.3252523419754 1360.1797157763497 1102.0845486653793 471.1196238627234 568.0728384732508 1067.645353683196 745.6508163265182 730.0602294681103 675.0503309699423 906.4133632220877 1778.9136103943176 1403.577970713247 947.7217336844709 1281.0593679842193 1660.0301066481798 1581.511963185831 1794.9250249963852 1438.9034728588676 1896.9022501732268 1022.0951793570171 926.8178365889424 393.70051649140305 636.0520081071824 366.4931720393115 568.2720288720512 713.1107882024655 356.71288174872944 305.8128286980252 314.1987773282454 461.2953475525871 326.9926896822411 471.88279516223804 598.6011450290878 669.5548751675614 1097.8113800208166 745.0715741291986 674.9980923387022 405.06061537554 738.7494821320759 1130.3135004919122 1216.068458685205 1211.8802153242095 525.1376221063236 1226.5853839670326 737.0118781781093 801.8149424639128 965.5808402817427 589.2733300806809 714.4406836786379 1120.973465912543 930.895694377576 435.1252388890057 751.8451945695821 373.6788752060899 511.1082027328953 827.9617999365327 1569.049327652336 1342.820216456972 1037.4492836011705 1143.5980076765306 1009.4678240318739 
9792.503730252594 8711.623326285899 8776.275040942755 7214.067153122617 8138.766157300274 9990.611593699308 18878.290693333507 22393.865739464756 131688.33342853075 517889.6245741179 119450.84616050645 31952.353090177126 23251.02019786971 12982.2838237911 9126.603285198802 7462.837933244049 7035.1525983402735 9336.766950806861 8390.089887591512 9576.934829107196 10266.494390959126 10315.950029344522 7253.447982241964 7638.231265798695 6857.364851524008 6739.516531769363 7185.4176032008845 7426.303125209833 5460.70474877891 4581.851543149521 6961.036578343155 4843.079088001035 4883.5442896285385 5696.271349234688 4132.768976287692 4573.564779839144 4648.602179425228 6465.124372933878 5491.125334886253 5192.536620366207 6266.569867008704 7071.783260789764 6080.266460393532 4522.0727297347785 1335.7687999244988 3278.9232944697574 4592.015337161828 3350.2261907029215 1891.565123476619 1539.2280660247782 2003.2274777536804 2358.785160917665 2327.408235856546 2342.3282995034892 2491.353206605885 2192.622421857146 1990.1568235751806 1791.763533113243 1448.6868097643571 1742.1136524541794 1634.7403092761524 1361.6613759789427 1437.2370291655013 1535.5671038737023 1676.9481373459375 1968.8639675146937 1822.408201938571 1275.3742711786902 1391.2347818665476 1481.191965860131 1376.979168720752 1451.8847889771835 1677.7863901770545 1155.9819417428828 945.7558648527207 957.186553353684 809.1431158929097 1037.6474144933832 1144.9074909275914 1421.347462044523 1297.7450671239958 889.281577901739 877.1395767292279 1039.9568463778528 1543.8703128623906 1235.3279341646667 773.2420865169778 729.9354255424338 844.5569531821454 823.835288418294 808.6153913720954 903.8412469530099 1039.3316623734079 1376.1023794210166 1357.3448111770451 1368.1413165475742 1448.9230182514768 1328.5255499841717 1233.6159561667382 1200.4941615956648 1199.13355564794 941.7711615558661 977.9691887151802 722.9383949119687 554.4096595129492 656.0084232943473 576.9603664660573 695.4278932411697 661.4337374324676 458.6938047379143 462.6681041797003 393.9093003568611 416.0188167357704 416.32583448781367 460.6474773243593 633.8589037179464 676.5068614969871 801.3815042051365 765.5437385352357 740.1369347926609 637.8529441752459 826.1236534130405 1088.1999714410488 1165.4462792668241 892.080188200096 873.1974846410393 872.3272123516276 821.4844643743694 841.5299563565476 955.9703736540868 856.8047657811532 1037.0927322441828 1103.4722574522 925.3837794488484 702.7010915360336 664.8642243707162 659.8809963239069 1119.0215366780476 1631.105375469532 1607.5081874433306 1378.5573703199332 1563.3185770048353 1081.2204444336946 717.3329512766315 
9625.022401363674 8752.598321137244 8380.681674914184 7103.674750197839 8035.314923616356 10312.610976509493 23766.304898923383 20747.413504971257 33558.13545642541 119450.84616050645 511530.3699055357 138077.68237933505 19077.737215551093 10926.372777046206 7334.442507477616 6482.335999974153 6026.0015820635135 8552.653607889226 7879.789472134644 9827.744991677984 11533.303135012053 12041.356714961941 8680.965523551384 8328.392176150344 7077.7257596372 7293.417966729185 7646.311479740174 8593.09190279192 5758.710322259998 4842.30202788335 7155.463166035679 4988.540691696569 4774.945678098892 5635.906244636302 3864.880017641496 4299.444406127784 4622.739402076622 6764.9857772892465 5904.465724894045 4763.1998401200135 6774.262990296202 7867.615910005086 6145.781464326495 3863.3676438036473 1262.9206909431193 3007.7300294694355 4328.990788423146 3403.770806717409 1738.662273417896 1291.4744064663248 1688.6054614809514 2299.86187399858 2256.4980838522815 2362.7415513887063 2422.802075418052 2200.8948280065147 2006.953896598373 1727.672852172541 1376.1820967204494 1665.0580301018592 1571.1845137727769 1329.1839797176633 1423.5684777991485 1369.96365633281 1599.3380465078296 2066.3564330459735 1656.2768326145722 1234.1693582412029 1422.8361326219256 1382.5891599143085 1298.7211146639593 1370.0463018670278 1633.930287285325 1144.1547652449576 860.6891087647159 863.9362088136359 767.0924384242661 938.5697550602405 1072.684924866233 1385.872097768913 1297.1826891090775 781.3077543392251 798.792531122866 912.3508546912092 1342.9675964483133 1131.9367390497082 641.2727064482705 669.5454093498037 787.3236231205573 748.0355197068784 755.8934799510199 824.0403484337895 1066.832728051369 1459.7439746875232 1430.45502417805 1384.8454970368884 1507.8596065690972 1305.598491289877 1156.8467451552485 1230.6606392458511 1260.8484873121383 927.6153460964696 966.9202839207635 730.6551808129767 543.0910372113467 638.8361417034167 560.0390112465917 578.2200714862523 562.0882193921302 412.79169349180734 413.01047069260403 405.36916962398794 370.330656640121 323.6882486860288 416.85257417737216 577.0162399024617 691.4521695368813 771.1401066694076 771.7879599921728 743.2862535496753 645.1856593716564 753.7133171665453 1103.5213301726365 1141.725200390743 934.0461897019507 801.8674743301657 887.0706094998365 833.8802714459248 772.442535214014 1018.7953296167391 805.4801065928394 1061.1913747290257 1190.3590434934904 1040.1515063006557 711.8138238764492 669.2898424381254 647.3488031171187 1181.2208270993829 1916.4545916815473 1948.664163949041 1820.1572885342512 2009.9380238134265 1388.1525499322663 806.8125494695237 
7864.695664068968 6604.9224471909265 6414.846835604966 4399.03782281534 5011.291569288037 6563.532666059688 26987.935867268217 18661.236833557898 28714.66673574727 31952.353090177126 138077.68237933505 653261.4510235239 16564.250926007586 6224.333959994923 4277.5556444240865 3454.547746066779 3548.4167707021206 7784.310648502996 5389.450945442089 7740.093700178941 7819.035919892271 10324.736776335458 11891.207855610122 8224.906210927345 5110.008820797774 5584.974561644401 6835.346773024721 9078.152377767743 7713.616948698406 7179.024981623101 7810.946666873123 3221.8670691862994 3348.0269762896137 4734.774701077602 2167.236480336538 2525.8232155916717 2925.329282859324 7635.0198834785615 8251.621259857562 4191.375974552042 4201.9836764559495 8659.312127212528 8588.832902926726 2792.6602554125734 547.2791639294854 1615.082171979968 4731.90308830229 2442.3075880975125 1435.158558676192 998.8619732248624 1768.2649666404827 1936.429442318272 2362.1048413182425 1849.1553497741438 2726.748068686643 1830.8169190746037 1656.9245201254746 2068.9131455416764 1133.4804629891623 2231.790584814409 1503.2178649763275 1031.1926189595722 1205.8236902329354 1563.5081409266706 1876.8080899847628 2236.134125304505 1662.4374620962815 817.7444301125443 1305.5848354042885 1653.5226688458515 1338.6474175598405 1146.615534903293 1846.0129479618208 917.5135959017548 889.3195327427547 854.675628970012 635.3139681557968 900.382473686113 1168.720339675681 1695.752952738766 1332.5031331698804 530.4534268195998 581.5553925243062 698.6623762820527 1205.7116541091054 1074.46069714643 491.1105087072262 539.7888256691859 964.6670846131486 774.697268110562 720.3241553780514 704.5268616485695 986.7158367514751 1879.840524880994 1568.4033440647095 1119.2887570103267 1384.7642405118727 1470.1190732278433 1247.4564807558556 1670.6029023046285 1285.3320660911043 1602.4337512466775 1033.398516781766 814.3124604285222 456.69834372506057 636.6445582752417 438.761241876378 574.0429135217265 665.9797059064397 390.910719700266 328.4613894715985 309.2853115694214 419.2422292434508 321.51785876731765 490.11474688116203 597.625202086037 615.3848488827423 849.6759831699011 747.0779487048369 668.4651163064884 450.4662317516244 765.766907553558 1227.0491541779932 1280.3952684453018 1134.4365606414722 595.8949971609427 1049.0428779639565 679.7953036429262 723.9470208916351 900.362895635253 627.4410195558896 825.4633104367474 1224.3886786272835 944.7302666999847 491.7406158100881 623.8689223411484 382.36902922111227 626.9796552343577 1221.855157138817 1900.6147513199273 1777.1391357536188 1570.6214374267195 1543.298924679286 1106.9398962129148 
10891.600987450083 10197.686917656101 11273.619460521802 9808.298376513156 10850.622559631072 13156.135769557717 20682.221208337793 34669.00144772442 23492.636152546846 23251.02019786971 19077.737215551093 16564.250926007586 528405.0525741868 127547.69651185044 28362.14310143786 17625.686209837877 16578.564325859625 19745.600758458066 12945.533127548651 12082.191814608183 10228.133002048187 8866.008127025461 5303.086425607989 7005.565820937514 7664.488398502652 7581.806649786043 7184.870591138569 5716.794831075847 3184.440121439964 2900.8887683661505 6227.993772638037 6955.923899953717 6755.315401200659 8552.276090951373 6222.658864260754 6774.622461435998 7113.636330046329 7420.214345135953 5443.657399362659 6461.436959190042 7947.579903504049 7188.565773616536 6412.621770858529 6416.135526388411 1796.7854313764897 4957.768827980342 5454.244573414946 4311.567534996052 2757.381665449484 2190.329004821075 2691.2977596697942 2929.5506264412943 2613.1408642542647 2817.532037641577 2782.942460906587 2547.7431355342014 2242.7011802271586 1891.8673017207852 1615.444860412907 1800.5218852461762 1814.7477632310515 1896.8946212053659 1797.5099550826505 1730.01606209767 1626.062857286011 1534.1366989532812 1745.6895928615866 1704.4069004082053 1727.281822633972 1452.7950411159836 1506.912154571111 1593.7371172706257 1697.4580658465352 1640.8265798675206 1186.2653405639662 1156.3884530084092 1051.653027126574 1299.1073501865476 1280.5308479849334 1393.9784695551712 1377.5265205829871 1245.7707662138369 1229.966278069217 1325.8191218583802 1848.1720439246762 1618.322817101069 1082.1077529258403 1007.1350495175258 1061.819085609216 928.0229746356758 1030.524217785611 1082.1743609425575 1213.3304362010017 1123.5942355309462 1036.8892680753604 1212.8059351340053 1083.8363467909066 768.7188175699762 638.777126085498 644.3520698999306 601.6554533000901 603.2793111520145 869.4817663886248 787.8017445640944 663.2047680758669 731.5109442261662 576.9725607665086 740.8391030587254 666.3075759839758 541.2382087370945 580.643277573813 469.87155936531656 507.8545801046287 497.86299736801647 560.0053274496538 638.5295544367158 659.1756839031522 667.8948918538727 665.3536629242079 763.3238356142916 667.2893648729407 687.2148910926809 604.9191683226982 597.0726046206406 548.4854253523932 570.4709948558946 564.5250486374249 527.7012315650165 571.6584896091981 707.4044628879843 698.4648237138607 720.5703222500399 678.5838551365405 808.085840541537 730.4171869361678 629.1922518098969 727.7413316838189 1048.3841324441096 1026.9417410798728 792.632396125217 603.2320626745253 575.4858587760191 497.8502450687572 416.5859551545333 
9721.983640382508 10961.082410287521 14982.855172328125 17843.852881307703 20455.17548045641 22454.67394999363 12394.092418932527 15791.380912969176 7832.867911267227 12982.2838237911 10926.372777046206 6224.333959994923 127547.69651185044 443018.1764405325 107768.98134558703 47626.224715626195 38318.945024365064 20580.972310340498 16318.41078017825 11110.421350521972 9258.256659794182 5887.277884825643 2572.345199328538 5486.397827848871 8610.284106962758 7294.497922481759 5475.437756580168 3247.5903057793416 1839.0749553138603 1551.902440709133 4040.7256247434034 9018.13045981601 8829.738648995095 8276.981956350883 11534.227660164905 10930.155135565752 10252.330702807456 4675.312444637611 2967.783117060734 6507.079777327072 8581.071960030156 4186.675138372222 3097.9907060767587 7836.045218117268 3492.498906890026 7657.605720517168 3495.3718675478303 4099.462305056152 3853.2290965150855 3870.1655695642576 2672.628955219148 3035.8385986674166 2383.078376642415 2879.1331436381074 2174.87781311926 2721.482469531042 2139.696922232231 1447.0081678253352 2206.553131166171 1202.1954068164432 1620.7797749526685 2357.355571057803 2091.262260169896 1688.1584266304633 1262.3130542504434 1061.3662272558302 1367.2302302605667 2304.2083681710164 1516.7560964244417 1011.8414221178735 1443.1421097890254 1652.7542867698446 1127.7274221788682 2025.5573343851609 1475.7320395375004 1384.6561668287422 1639.9877982489427 1348.8008307528517 1224.709745104472 932.6782158666324 1198.7464484311345 1813.0552953999322 1952.997561070115 1649.2956303337185 1760.5453093568303 1760.3125113727851 1981.6834777420838 1625.462600450525 989.9158107632167 1051.1216399015166 1309.2426928487919 1290.7900794486138 1087.2002062308416 515.9059713117156 768.7898295809154 1050.9785181205884 797.7205137055903 447.49475910283024 355.8494963391523 295.5696220146275 332.11601276633684 265.99495846098466 662.5706894935618 687.1327794469285 901.1961580432107 761.4442022802598 969.553390073934 676.6541928356223 611.8793534356827 812.5339209337934 897.0744205543699 855.410804581937 593.9935007306398 691.1015492332265 595.3138614843219 545.4064154470927 578.6388401214549 421.47812260000245 564.5508562479256 633.1960010357906 799.1780806349537 613.581931930219 345.21287935290917 388.16863357700765 314.69312439311534 571.9795707175366 301.2537243022324 385.92534663422055 384.9387716348746 469.76015608646605 711.468582142796 577.6658943138028 444.576698547334 509.1045784434457 846.9079208727851 804.3311515179668 1220.6066584013597 1194.698346493505 704.045325594251 372.0544084486368 269.5534585454116 351.89209343039124 290.5882396251743 242.40699557916176 
9959.384031911839 12477.718650525205 16715.534731020063 21894.997936329077 23503.328688413996 22135.390169011054 8563.001985237923 8749.693765772634 4889.402283074272 9126.603285198802 7334.442507477616 4277.5556444240865 28362.14310143786 107768.98134558703 479296.55059281806 115657.52372412181 59253.826303389505 21771.944603470984 16548.39598999851 10383.694949661167 8434.59265451219 5166.046932953152 2137.998271763836 4757.709107965547 7770.583905412696 6525.471654576606 5080.614431479333 2796.814881661217 1498.9707652138634 1415.6648633578525 3395.4137481494377 8340.937964309815 8076.925750232564 7209.167740169841 12975.425832312189 11604.519784055645 10410.10138580732 3767.8277808012676 2358.1885746575085 6325.966196112154 7183.563444667084 3412.508470875425 2731.30349548457 9011.807192763921 5406.400011343647 8928.905128933378 3046.2082298825444 3667.621711170652 4047.5175924176224 4208.114360984058 2693.2466739017423 2861.7374786422347 2261.723810336584 2658.2587772663246 1953.8578772650048 2367.67825245235 2132.2426528508768 1305.7255952317503 2165.1028217652265 1093.6469683061753 1569.5346956899598 2273.901221630289 1996.0043760333754 1510.0809726333498 1175.7832199687282 983.00771911635 1253.6924638685748 2326.586202510888 1377.9152200691863 947.2861443543485 1304.4311737296584 1436.5052580200113 996.9792271678715 1841.3449310336002 1497.6602667491097 1434.7273891854047 1678.9313029888629 1289.4046730231566 1097.3419645030856 807.4636738931259 1076.6716118665263 1674.5647257502746 1729.9612338154018 1654.8189847966785 1757.354597940141 1587.4081490690241 2322.852513245833 1617.4974124716866 906.40542289202 914.6064550205729 1121.5447532653814 1193.8185145245936 842.3173567881068 449.2351541400305 676.6211133491705 878.8690067362569 673.4239245722415 355.55592405393406 294.1047230201438 306.802474627923 277.10249735783253 226.5577236568869 602.448585326114 629.8102326697607 915.0024912702627 742.2181970576534 887.6895360562158 654.2241742677534 598.1633590935251 794.0181394560223 804.4491504484785 865.7721701891917 597.3533085072379 662.8752802145243 617.2095184912988 511.9550222717669 521.4427151008007 375.3689719022081 519.7160394292317 543.5040262081416 769.9261969500309 522.4530125885805 299.72119163288727 330.22165277259535 251.62126641836343 559.4540648760654 278.6014296298996 396.44026154267686 412.89045078300745 389.53488178736313 663.0714956201851 486.4669057813394 325.1261670516131 440.9741248042827 726.8227472788487 748.5736117252419 1146.4461415896124 953.0399311659002 532.0111359726342 272.3015985979479 227.07840901073456 268.02594028578244 211.4584214254786 296.5067336791819 
