617105.7301834055 125015.46874434105 42418.75354490368 19569.756073676686 14067.358053844948 8866.175280732305 9906.305327074904 10762.138946145627 8456.165011921612 8024.371928928323 6984.087723515082 6149.001527969926 6362.350332255592 5901.141899932112 6776.763609981836 7070.86944947391 5492.086964400334 4828.575939878387 5626.405326167423 6057.833905896451 5111.963273177514 5605.799217404148 4491.750052339538 3944.2331288560636 3401.9098154803632 3767.449848722348 5270.938822871735 5964.60205554279 4462.137665892577 4076.664972388108 3685.5568941805677 4104.0347511601485 5957.835286619135 6147.012110914515 5141.299393057099 4539.8414606960405 4860.232820666401 4288.077277038482 4990.666740515087 3122.354335877312 1212.429739541878 652.6276934853346 2931.6754327072886 1535.013451552936 2505.6304854239593 1069.62189322305 2719.818567799934 1562.159269975978 2104.9253777887907 2104.180476704532 1479.6661747583125 2470.98875228501 2411.6658458752213 1898.4610940597593 1824.3447306119335 1647.2901255941626 1309.3355847514622 1730.546034393164 1660.178731182282 2310.763660533539 2107.031557789556 1288.2272748280088 1321.9034625618656 727.5291973136856 996.2269293019457 1131.685091951426 2052.5321119914283 2121.094181658869 2451.85151930885 2097.304033721764 2014.2729873037513 2206.5588504129914 2012.4362675859088 2235.9929868140243 2482.622429595443 2149.0375520742455 2274.5178961634756 2055.029687133781 1897.9446518564127 1944.5842894721557 2230.43675902813 2209.1475171839866 1834.258755174898 1646.355035047463 1229.3195244300719 782.2896030559613 828.602855353069 1125.1237077223877 1293.1498419792001 1330.1130986979238 1548.7040190691876 1768.6645328479647 1750.5027811581672 1454.3078824881875 1529.0787491193369 1663.293402075285 2016.9449904866142 1825.4056680330402 1395.6331880387165 1583.5954155474606 1261.0086722814488 1200.0257751622548 1619.3733479111245 2028.5140845352848 2007.2613469197122 1613.177112904806 1343.232599633016 1411.315455876942 1405.1308086689105 1320.6525121056775 915.4202353645076 747.8608960553194 943.6676460964787 947.1996670161367 1103.436239257382 1134.7594276184295 984.8062349932374 1202.1671230886045 1286.989790324809 830.2178115693333 2058.3436544137876 
125015.46874434105 547961.1219120316 133711.87133711734 27167.172080945744 18028.33390591963 12079.686398542393 10445.606161241538 10735.198227522429 8787.087619307958 8422.426398158641 7321.364242782715 6475.51026979065 6536.091687477457 5409.012176938063 6177.93167521169 6183.016581350529 5706.0791874585775 4839.916513711007 4797.656301075351 4933.936016109539 4955.083981981307 5119.982807639226 4440.368028822351 4319.859765686247 3934.9772075805795 3956.768941230991 4918.131959746595 5318.879717534449 4330.92249432611 4053.173762071968 3923.7172578150585 4094.416344056562 4835.810999821076 4351.8218864192295 3384.1424058077655 3369.800227764561 3620.021675180898 3564.0834673688405 4026.234128808867 2810.246883662933 1576.0401014628326 661.714702729454 2505.551575682089 1954.7474037045579 2681.6580978790453 1004.1805698946799 2504.2133253348934 1539.912838103057 1868.7433479348176 2536.4688944021527 1111.3101046542147 1948.3816385167258 1848.94276353418 1597.2406162449518 1652.5974323404116 1505.2523479476283 1267.567432491002 1399.8454715354833 1452.3753518627598 1775.951133937127 1697.4617363109307 1083.6152583841447 1185.6735417116915 789.9963743839219 958.6281522831623 1066.9936398682235 1557.3965888697269 1785.8372963439347 1778.981802933622 1583.4962374694721 1708.6298702187273 1700.3542880260557 1529.1130450489447 1692.1581753481335 1657.985074550208 1528.5721794922347 1585.2138361273535 1514.9117738031096 1519.5774559385195 1639.1612477020756 1583.0745563868143 1578.8818717880613 1492.0497612726194 1370.4430969268697 1090.3832115998478 823.2388519838335 863.356401135171 992.0675891461017 1174.87965562545 1290.2641372330768 1223.2871148941717 1292.2243490329934 1415.249720199281 1685.1575704183185 1350.6658125825688 1297.8352954586699 1313.4839081429175 1335.5397237069947 1225.5580196116493 1267.0331234043706 1069.1055000661293 1063.197345231782 1141.3864503471873 1434.6239158867072 1303.0485461279159 1158.4934783430062 1258.073704540317 1098.3680339172863 1042.7750628837955 964.6517501953913 632.2481089194806 539.8713896178459 663.8206985271719 635.8734761709582 721.2249368011267 623.4520753839751 579.4690946639771 669.4747593937566 724.1125887579577 528.795200203877 1124.840300157679 
42418.75354490368 133711.87133711734 502162.17939433694 93695.51097624944 42316.02534265006 15675.5353336471 13462.834320977936 14682.423599943426 11360.737783301773 11276.148778233422 9038.053697415646 7489.617887833079 7960.876520346177 6485.645425889961 7376.5719946102145 7660.615554728807 5987.795580452568 5108.246532591738 5719.304232086561 6182.568675013885 5352.465402112388 5710.34148168376 4936.227004184981 4370.058074271183 4014.914900138533 4352.68394994515 5931.220703341166 6627.29865040815 5243.425811871099 4640.958538928989 4475.488948406799 4727.597130409056 6061.102153524078 5190.127907856512 3793.6616108497387 3619.8580899050553 3803.9726629945167 3831.2464346474444 4520.570455465393 3226.4425861007617 1284.607114025656 581.6561935591967 2184.2120320435733 1350.3175462642967 2909.862035180645 866.6394543030406 2657.591566089811 1336.0249828590565 1637.5013592032133 2318.6226189185127 1332.077244998537 2171.4457689083874 2196.8189598518775 1840.7689345965905 1801.967861969379 1721.4083902245773 1438.361420756238 1707.1789159649313 1535.491143662992 2039.8772759904864 1824.6538434174977 1170.3892608135354 1240.1579257155909 720.8527343430417 882.234590075729 1056.6650237456713 1739.381710926103 1768.0672594789198 1933.3061916327836 1595.0266679353251 1630.4183195967707 1718.6035064959187 1536.2071764140155 1653.1375108706104 1674.6751573768352 1544.8971624541994 1571.7764196779156 1486.5274752895352 1397.2758570255205 1492.5867195800254 1768.8065066842873 1596.7943667369682 1526.3992955901592 1535.2730793188794 1169.502688888702 742.2365343329176 977.4703880487342 1103.3928903026515 1179.754784245556 1179.9842997778603 1306.6965093319243 1387.8115061910298 1427.1483268590134 1295.815270190605 1211.130194485109 1335.9310651628548 1435.9608029622498 1321.8805912303924 1148.0127559996777 1365.5379280460359 1100.0985313443591 1051.3534036748433 1194.9158158357072 1470.6730029509952 1341.9779625805702 1245.9522015525595 1085.5488661013528 1063.1211604260966 1010.0032429039277 952.8855718874266 632.667908265684 504.4590325522446 604.002486774793 571.7457054584723 690.879397343218 608.9830155245585 568.5364177593856 613.5133723976584 627.7415519588858 453.8787279156754 792.31631066306 
19569.756073676686 27167.172080945744 93695.51097624944 519144.90646819794 139754.10256284854 27848.016397909425 16831.797799626063 17118.15219346884 13391.142366390059 12823.598742848233 9726.557127911039 8089.270059645711 8443.988152564805 6971.611124435795 7624.367836986574 7133.4162265593795 5818.389699907784 5170.64490146547 5553.930887877641 5642.770356634151 5278.984053982703 5691.348076118665 5081.192831139303 4553.653919851282 4255.469367693649 4454.64204554209 5897.8529235608785 6466.954121122848 5248.958666313486 4952.543954165773 4674.314158565026 5016.061888759076 5704.240702445151 4422.836758390284 3471.291029726937 3232.2639767243854 3357.591595269861 3422.8813428644194 4143.564850770638 2962.1439699902453 1567.5022622123108 519.5763265552123 2533.7100134994766 1396.6512972221387 4063.4957156547675 1156.436541824983 2573.775470315849 998.0160015659518 2030.6518201656947 2208.78313211232 872.5972378401317 2051.9835139162783 2131.4041577487665 1868.566003215803 1841.1400219810237 1684.0796547252744 1396.5715701704396 1580.9656577521896 1539.1609339544018 1960.0842525951975 1633.1808698662987 1086.6906481493602 1177.6857402947921 727.5633707088376 863.2891988161716 957.1872530951184 1537.4638695073093 1606.1158305479764 1763.7147145273977 1447.9142276087466 1474.1724426186017 1508.7913573632031 1380.189826248067 1580.183661735771 1557.4991693456743 1394.7701692311698 1445.2118420620063 1350.4600017809237 1330.2120198647572 1369.0007923162148 1452.619705801677 1463.436092014732 1443.5685470922135 1369.005364448018 1091.6045169467845 781.1157196565885 906.4048718622133 1085.6670097837653 1161.1276657710519 1122.1057344675605 1158.8057831291371 1286.7718246135523 1310.1908369090545 1255.7898368925742 1127.570380077698 1198.387958772247 1152.0108525853232 1095.5483626673522 1162.289404759191 1142.3045720424636 1047.9558896234687 1055.9244475999292 1085.3222752625388 1270.2573084560142 1234.9676458804809 1143.5292381822244 1045.6536075689005 906.692211840924 877.0872220549882 835.2328487876812 536.0558210918134 439.1595053399021 537.8145371571732 488.2494948448673 596.9783543646377 520.5464990861387 442.1863252141041 544.6592016653282 510.9469986356227 384.99860223495637 674.5985762082037 
14067.358053844948 18028.33390591963 42316.02534265006 139754.10256284854 491248.00116977707 159160.3126820298 33486.26888947621 15361.939718430864 9645.520961010363 8963.337846610724 6538.047540858181 5276.8926660620655 5801.342460327822 4812.807233526102 5872.619931920234 6263.471538659271 4799.026604633058 3631.90634115973 4035.7679738923807 5262.1945220094385 5877.520858284327 5074.600285119626 3575.3793749685015 3310.908465668168 2738.882340980769 2941.7805471078514 4349.949312109645 5024.838459316599 3450.4751688304464 3374.8541114855243 3144.3180527203235 3396.1425951540728 4558.763590041983 5522.740264090256 3867.253205276786 3516.7356394397216 3869.22212068233 4348.668876402708 3807.0535953503418 2077.6110237278435 897.8339759274384 821.5875989715354 1671.9022920416357 1014.924224179482 2226.5770370659766 528.0541740886662 2442.3379547158293 1349.620155098747 1846.7785862185492 2202.2521570427207 1176.8942339392563 2140.117721459375 1561.5508956589113 1332.2250536221477 1586.9987733444498 1433.0535277441086 886.4572861394106 1207.0605649716954 1025.049707783935 1621.6216441746599 1317.7655600999794 709.728725881109 824.3384878976893 447.8791867487936 574.2080622870051 635.9660790610329 1420.040658282945 1447.5420348240511 1652.6334700735345 1075.8566051678558 1224.5506186656135 1206.997111257664 1357.859448744389 1413.3924196693354 1371.297523906528 1568.6518522995148 1371.8839398548844 1414.3150633335913 1401.9661676252476 1386.3314525266019 1756.2224795804193 1365.9383374993347 1558.1064326857163 1092.6490478767635 713.4636412869908 525.6869148393947 615.720267824079 797.6614582711967 1069.9120140363907 967.7797422024222 924.0935998373544 1004.3670747065236 1249.062051043476 1381.9829491920013 1416.9035029545328 1308.1112783572864 1183.546642826747 1076.6833000145193 785.692536442739 910.6334902692788 705.331432951562 655.9295951386539 773.9642430068295 1369.2415557559175 1061.367262540939 1093.2107588321421 1225.1210200088296 1118.5680855005678 1029.2160073664986 837.6119413977443 726.7653239025432 639.1658841405529 645.2579308752539 580.9480866909428 655.1458550572027 554.5550529573566 492.63995025232873 510.1504749629995 491.5641575056027 515.9900568996799 714.3765612716453 
8866.175280732305 12079.686398542393 15675.5353336471 27848.016397909425 159160.3126820298 579611.2538163929 116497.925147631 15254.640205855456 7143.3936959598495 6670.071882365435 4713.979950854041 3678.8651031440622 4093.7006527262015 3217.923629186624 4521.8884962615 5657.188549451878 4353.9099016469545 2640.1394206300993 2889.4369166275374 5070.206379930716 6838.363657211644 4645.743099864998 2460.4243682072492 2758.5114098196295 1952.4897970327584 2018.6141804508993 3494.578880142509 3980.7357068127326 2192.7266038802363 2339.371167428043 2223.374867096404 2707.3904866950406 3506.1640688158564 6606.884841716402 4447.2585586114665 3885.29808579607 4625.677606549733 5437.409068562201 3393.076271351606 1457.1033859073302 940.7316488981994 557.0156000010172 1124.2794310518666 714.615794184962 2721.787621740768 414.9630838359098 2860.505429327864 1548.7802996390103 2106.6228699519465 2786.3833581288145 1105.5604763464248 2199.685838549403 1176.1752153011612 985.9057865778803 1684.8066658666096 1368.838531542902 609.770667302689 1043.9854715296938 666.4290339482307 1493.5960512743543 1122.5489977725379 505.5674568737919 748.4393377840046 316.25286042944924 497.26646625478855 456.4556667788469 1480.191577132338 1406.59735305408 1700.0229074094227 790.2521898684608 1146.9881939583606 1013.0888558590545 1534.0392431182634 1280.936351843984 1271.4062193682917 2037.8402410775293 1346.8304732604229 1693.356763467246 1510.1226026258087 1590.9515072190063 2033.3301322783352 1364.8289026051355 1977.8148328405773 955.4803250882059 626.1548936686694 410.354898050034 449.7094975064695 744.3476698236931 1225.9790376476365 919.9835605312138 771.7356777333531 932.0018104365904 1291.8120860003783 1868.7192347374985 1936.0719835355956 1544.9306737812262 1120.0651259170647 1144.8441620870462 546.2162985926816 724.4819378436647 482.1221384867635 485.7096351853125 421.49831970845577 1578.9105481540046 1060.431819464283 1225.5012216696052 1512.4529100734576 1394.127449923481 1141.3897781566577 931.6719720952264 978.9629149466722 872.5173965307433 838.875278155278 645.8780858438713 761.6469538997251 687.0201199036444 636.5226602170444 483.7981146763345 460.47064333506705 764.9531536581176 957.3033721061287 
9906.305327074904 10445.606161241538 13462.834320977936 16831.797799626063 33486.26888947621 116497.925147631 581393.4337168043 93078.41968031916 17842.188545885714 13083.472905828949 6967.03896120834 4920.64401431676 5460.329567777698 4321.0022249785 6045.5788761897165 7615.746411896495 5554.679739902836 3364.7037007028794 4038.9816485625647 7066.468940736463 8666.734621868309 6181.08422333157 3172.4342286258916 2941.9217330983174 2287.7756147296673 2379.046635554249 4351.962140938743 5270.968908535872 2706.9558363644173 2740.8231633481137 2782.4969204173426 3206.6580307531112 4783.990189929961 8930.710364102642 5450.780381224381 4652.480335671144 5973.12954154779 6561.12067866617 4471.716289797787 1613.3264703630657 812.7978816480403 361.9430054132805 1708.6505812705489 721.0060218118971 3440.929407372963 564.9573643427539 3235.8510562902443 1168.9027387852384 2314.2114909771294 2700.689468790967 1563.0725352482282 2755.316489793519 1502.3171218487873 1232.9636077792204 1851.0227753644087 1602.6599851721353 806.0908354352682 1274.468556516524 832.392233312015 1777.7090950833913 1313.1677779872018 640.9677609181399 867.9335796457531 366.90784381037315 531.8889182480214 562.4853392508935 1795.1560990884761 1507.0079777600838 1996.2737167716498 850.7363514728731 1230.8458280247505 1025.2337116490542 1567.2281381078674 1322.8672424176405 1387.2871116135493 2211.20038728694 1406.3426349568742 1887.1001142407788 1570.5107875939011 1589.8757980382322 2297.814456627533 1487.0588955498688 2181.3439462893652 1129.4561448596496 711.1311070268822 448.9420858192987 571.445803669411 922.8022695419735 1338.7109059956715 983.4025449845625 854.1344661942054 1107.528585158492 1453.3670445966447 1671.7087899896744 1997.6463767557264 1753.9947887748078 1374.833633948174 1274.1534308966486 649.0715379999824 836.6766376667817 555.3212679266903 436.7234396889192 551.489788136432 1879.2333480117682 1201.2902296799457 1297.7326563306592 1644.8754371455982 1482.1370281254901 1180.606938885813 975.7752632688616 1093.3312998370996 933.3509115068767 891.2330285948769 648.4340712364459 814.3478333854949 657.9425931609333 634.4065382455723 492.4591609776561 498.4439459992859 800.3888098540796 941.2969415076203 
10762.138946145627 10735.198227522429 14682.423599943426 17118.15219346884 15361.939718430864 15254.640205855456 93078.41968031916 468703.1875880652 141692.88394462288 52263.93617252091 18839.87205990838 12790.37683222043 13167.049154185894 10660.846399608718 11182.79844535721 10231.839914995555 8161.743984501952 7555.849791063524 7911.673430079665 7409.631032681715 6226.616014226163 7511.93752876593 6786.35887669027 5804.1157798780205 5386.859869238998 5808.73255122013 7682.491143783675 8313.745072264921 6731.51460754175 5967.45675589674 5671.315967311153 6037.374497643987 6990.4212211778595 4010.7520703190344 2763.281467407067 2358.0891886577874 2840.7956971538774 3032.190553399377 4505.484302462788 3583.031168428493 1579.6071943292325 1436.9601544096902 3567.077352597538 1606.3350370087855 3748.6726563535026 1811.6160445728417 2701.1830959618555 1469.9030125594988 1885.88997837652 2459.053357204575 1577.919262747233 1974.5322811970277 2254.576962895033 2100.205174947407 1978.522492944249 1948.6084522643778 1650.7353523404172 1884.8751923907564 1920.2357056541343 2035.5822687073746 1852.3539696511516 1429.6000420855892 1313.1845349934508 1030.556875162353 1102.6606089004383 1190.454843310642 1516.395737955203 1392.7472877833507 1335.0472839530494 1254.1679954097388 1217.4587112607967 1213.4120843254263 946.3049805741553 1021.2572664252638 935.49674301672 801.6178577232594 909.9047347813228 875.4555085557572 842.5540533142841 864.3100582595854 957.7858053205564 1061.3000859245078 1174.9214994832168 1549.2308267482456 1341.905595041597 1047.7063949944995 1016.8003844784334 1168.2735775812023 1145.431985876479 1165.7476008339024 1191.5421772035236 1193.4274091900763 1113.585010889506 938.8119449189178 787.6344339851557 903.1102501109177 995.352372889614 968.5236742697313 1093.7461135841727 1193.991442929721 1043.303244528246 1013.0210473506509 1115.1081573183437 1033.033489288941 792.82263731331 767.9157682147302 671.4749859227232 561.4797505319284 492.6372590051666 405.39879843879936 293.97483678911584 253.63748188260146 291.07887432378965 263.71558563083073 310.9792360357226 275.5607683676799 255.57512396130255 250.38173614059124 261.773948472102 223.29613709567388 325.05871571346665 
8456.165011921612 8787.087619307958 11360.737783301773 13391.142366390059 9645.520961010363 7143.3936959598495 17842.188545885714 141692.88394462288 492524.1471317546 112046.00703158409 28326.043104804226 18919.97666402213 18109.25531996231 14504.342707782595 11358.951692420374 8836.337325631814 8162.082381307471 9137.478355442034 8390.550196571903 6029.304353257683 4473.041194127517 6253.301149302781 8252.244723255139 7410.651760250299 7594.732443403035 8262.757136571092 7868.302493358456 7371.074023471582 8599.009297119004 7843.865009100188 7502.4946099233075 6993.590963370456 5876.768768202998 2085.6992843193784 1728.1178112782998 1568.877110499443 1713.3636411340847 1608.2267751363263 3299.2190556926644 4852.343335643827 1938.9168282127232 856.9176643926279 4572.0468392172825 2471.403862328579 3564.1233614554035 2080.6551585647394 2214.694401511092 1519.375568211866 1727.3896706929208 2287.022023906218 719.5708780295687 1314.2429179620278 1977.0269795478673 2167.0965579002973 1496.8566884089018 1680.4677755450912 2182.005073734945 1713.318351531985 2074.8437297098985 1486.2076994030072 1530.5263093305975 1764.155646812898 1370.2852883067278 1489.80472567185 1341.3993684032107 1465.7688603682343 1022.5221470923817 1066.3493307606138 809.4031496507337 1136.4223340531953 920.4092846204277 971.9177730474264 528.8860183319053 767.8430073320541 635.1125907915855 419.4430763498822 657.0821954278572 518.7298138035295 529.8047466242843 620.6965595216831 482.5398032080302 676.0960004167815 635.5239963955638 1405.6930752430158 1494.4213357307092 1493.2159416509048 1545.5297357240245 1143.2439281587929 880.1394826258785 1043.1989479690117 1096.8019417698151 929.3355441298206 738.2388571275691 727.8071682625028 477.746883240191 628.8084596773264 696.3892138491555 656.3493043885417 1184.1961907604345 1018.605218830978 1203.3391478233411 1331.080064476397 1115.348101389994 597.2317772349679 556.1748970059973 557.977877169902 379.8652803376379 349.40704944181135 320.8742079444666 283.6066628309615 213.83384901438006 186.6997832977407 183.65141468423698 199.85672421573327 214.0378072477477 204.60002057763276 163.57710285909712 186.84631552795 223.3189214574328 140.20183728760722 219.99949159923693 
8024.371928928323 8422.426398158641 11276.148778233422 12823.598742848233 8963.337846610724 6670.071882365435 13083.472905828949 52263.93617252091 112046.00703158409 504933.43556483404 68247.02045670857 28906.993402080137 28183.26047619241 18284.123183181455 14016.810805558212 11210.135785801001 8629.197880108844 10434.695022020434 9306.842217582338 7120.286335999645 5657.021814785794 7363.068630318672 9030.179070798455 7440.040662440533 7582.598860211303 8679.083509022903 8612.571873898874 7876.811194627095 9489.854638000632 8621.970060024145 8339.354673820942 7954.135999905199 6392.83728471045 2358.512929333837 1781.5539290806416 1726.813920423777 1907.5721629995905 1971.46715620397 3478.644833012087 5075.270673927345 1862.0223560707477 1532.9155705969379 4511.533927582808 2266.3112731105102 3629.2779909473566 2303.002766424407 2854.621024199922 1223.085429667634 1836.1333737884945 2421.7639148006574 901.0538751153182 1455.832572369339 2043.9175675217214 2323.278639355016 1737.3258986783624 1940.962840989087 2491.976026064274 2071.3239946551653 2016.1237768854596 1453.152138562077 1481.0465641527117 1525.063974469979 1355.8122723719246 1290.213751181939 1216.1902583779706 1399.8257987714564 1045.0682508806847 1047.4115227003972 921.4396283230362 1022.5574598276011 925.0619546291787 956.5348141383649 601.8474753536354 746.810976612537 621.3652096454733 482.0514758267974 632.6609255918131 532.2375077729984 545.282318521585 616.2084537142736 595.1458186286438 664.2215071346635 693.1244262496791 1503.5509361871834 1496.2345769232622 1406.7553247247429 1411.7893102115775 1148.6941541652325 984.3862553127437 970.2392517422745 939.0430254252934 897.5072439066681 753.9328688798737 752.7882716952216 590.116946509379 602.4404704114323 659.573212833743 644.7563270325137 1142.2136678239192 1028.5939548070592 1105.9790710687498 1236.6999988356622 970.3170377738986 570.0368189003339 544.163286116308 582.5782359788731 435.90601776598015 371.96097100989545 311.868578423519 282.6585565301085 208.37343082301282 175.87345664846555 176.14734480131258 148.86814834170946 206.75850968236088 176.542691846164 153.62466740066205 167.31301909884772 182.67888168941732 161.6747051056328 230.16759853676496 
6984.087723515082 7321.364242782715 9038.053697415646 9726.557127911039 6538.047540858181 4713.979950854041 6967.03896120834 18839.87205990838 28326.043104804226 68247.02045670857 464675.5653248914 132488.45023360022 73817.34506308443 25309.710895828994 17036.613905439106 13226.02067702277 11094.755096463248 13336.581521665757 10318.29052251791 7437.193823304401 5497.346429934652 7178.323141258647 9865.732317902351 9474.542726212117 9915.19025457592 10304.919972958614 8955.113031715237 7420.537725197579 9242.054384309598 8273.49869516399 7989.038849195107 6918.662410567031 5830.882074373062 2076.666929122409 1614.104662627863 1720.7687951025143 1583.6199322568202 1607.6943349685962 3284.453728874436 4246.478344781299 2173.7080399732304 960.6852597191328 5167.030564629693 4008.0653737992384 4303.0802206083235 2186.8219059096564 2693.4821068044457 1809.823024806199 2554.022104291484 2908.123291949197 1008.3832504726865 1336.1734012430513 2050.6685035898217 2245.1421635561683 1500.623914467361 1724.642071651832 2453.118763080955 1769.9091374080742 2111.294763714829 1402.581500189499 1553.3622262425226 1857.9613273965083 1607.0987711011433 2123.6053816213093 1902.3665839987314 1743.251692690747 1001.5293651019721 1060.5975105847203 858.7825411809284 1163.0360144635245 975.9574367781728 1019.352110199438 541.9261339641 753.5096508795986 570.5676825767978 378.1843771649229 634.3382859238991 470.10346553650004 514.9211170628573 694.4477151634918 501.1792779841848 618.3952628449459 643.5322599158495 1449.3510368017655 1642.1965423076088 1843.9490786396714 1562.4000743377367 1038.650041847221 884.9047733965815 966.3440580078957 972.505301262679 882.9231411408886 794.6944570224725 772.1140811257097 534.4925587454987 638.7161649992457 620.8614278465136 595.2182193404523 1231.492185766652 949.5269615842813 1102.454618407401 1313.5048681644025 1012.2367268699468 529.1265900219099 428.40788327536626 525.7504339635561 373.28880234297276 272.17473624831564 255.44356081367613 218.45525707876848 174.53869565340105 162.54770875083955 164.27433569584292 150.59647906362187 171.24168651408024 168.6587186043058 150.14672257700101 168.7748124324444 182.30206669837912 101.32228352533203 205.53342667105642 
6149.001527969926 6475.51026979065 7489.617887833079 8089.270059645711 5276.8926660620655 3678.8651031440622 4920.64401431676 12790.37683222043 18919.97666402213 28906.993402080137 132488.45023360022 490900.9095285663 107435.54231857219 27284.981724847734 17187.92570306261 12594.402100934127 11781.774326568444 14329.962227160131 10274.053359554942 6749.89015196947 5031.5909729994855 6450.2585147917025 9513.051775100399 10567.347139950472 11798.338424364762 12214.95600444823 8869.150006388514 6622.9991555750485 8650.112737613363 7878.830938738899 7411.668538704496 6544.799311810357 5427.514661689819 1783.382989249491 1587.4268460982523 1590.0849037242142 1487.0110554743385 1407.3165900825338 2883.6367532331574 5741.23057582645 1699.0593177714698 1698.4891291718177 6752.81159862041 4465.763963087317 2608.400583485035 1855.8219089777288 2974.823730341251 1581.059151082237 2927.6348980543567 2829.376246630639 1212.3169588736316 1141.803090354093 1915.8360689250248 2035.6055323733472 1549.7260025971912 1602.7470347945562 2295.4713804880053 1677.1000173872349 1969.9763348331535 1320.0823334119834 1479.4948101641312 1927.556301225408 1704.8079574066035 2682.349570202379 2345.007532432713 1889.2056944403141 999.1661391177262 1089.6157569196462 839.0388231342348 1201.0388245695135 1081.7083648438072 1136.9094226278453 489.6577474128347 642.6401214834974 572.4725663467243 402.3538914266608 678.0125379939041 456.56178840930653 504.30489003455745 676.7772949604503 463.1974052145605 610.6028198942502 558.3167645173913 1400.324240706081 1611.9224254379385 2285.823227611256 1709.5343057220207 1031.2398827405407 878.7031597361231 1110.5210157278077 1085.9285892433272 911.9884658589593 637.7179266422341 810.8532067872728 491.85993759344774 562.1148474223561 610.4713429028 613.4625317349279 1179.660753849156 985.3862989113887 1134.5096459887068 1370.27866658775 1057.6523497602286 477.87679999035 455.57932496845933 509.9479890143843 330.17274112289545 251.35845576377503 233.6841248922668 213.38160132818814 134.95901603622835 112.19784009583942 164.9679964142666 140.27050388674039 173.55374837970254 139.55207356992634 108.21001634134144 162.52919556664818 155.99784475093008 101.9706014522838 179.70920455774998 
6362.350332255592 6536.091687477457 7960.876520346177 8443.988152564805 5801.342460327822 4093.7006527262015 5460.329567777698 13167.049154185894 18109.25531996231 28183.26047619241 73817.34506308443 107435.54231857219 442919.8458261958 84945.58647146318 37492.31709131152 20644.686486124854 14944.820918189007 15926.434239314864 12787.865050748856 8820.666119095044 6540.074383049306 8451.745340317111 10759.028626215035 9485.835194730193 10048.144851816885 10886.070180645005 9729.621571687203 8260.332403073518 9504.12309961255 8459.626821416823 8060.505640606254 7239.6303301022435 6285.526261370077 2460.2045598581026 1994.337690547822 1818.1053175195764 2109.8209364352924 2085.894698573052 3466.9695186661666 4395.679146519918 2025.0735064522262 1342.4928038084297 4621.168919928073 3533.5172919450456 5058.777775823445 3259.6650689420426 2973.9926385084564 1686.07034224679 2518.8333077827733 2789.426604225719 876.8029052238286 1482.662835251477 2120.920206084872 2149.760427784584 1685.9421424001237 1836.7745744999 2360.755989028181 1888.4569358288568 2151.841970564593 1501.9912924068185 1592.5757249157691 1790.0151055079507 1640.0559665421908 1804.7653366439501 1641.7575036413173 1597.051029482764 1070.2258256607577 1056.8113155005599 971.75744262113 1201.8568283816167 965.837233902698 1040.621705408457 636.7303261184061 785.8372205689961 716.4894380318991 439.1144365242392 625.7258375182402 559.680030457828 527.3579748775906 652.2223956530445 539.0499937235022 648.2428673038886 738.7048776586039 1461.8165190539003 1540.660929407848 1620.7272093835454 1659.9991542020705 1202.3861363672092 913.3938046605364 977.5976938474934 965.8899695641504 866.8664429613016 825.7063322455977 803.3787653068188 539.1825168456667 640.2209189843444 678.3322564033439 670.7404741752632 1235.5374793506462 1033.9894977552717 1147.4688379759075 1319.2677162372695 998.4935289928345 614.3507048314833 535.4451084981254 624.7223911186277 427.11289051528615 336.0964387875389 330.7658578246849 274.04356916795484 169.46082696136747 158.69345202817394 172.42679087970527 174.51819711435232 227.61319896532865 171.79122068249362 176.1846571142001 189.57323574892357 218.52303431162326 121.01799310338116 196.12131814461398 
5901.141899932112 5409.012176938063 6485.645425889961 6971.611124435795 4812.807233526102 3217.923629186624 4321.0022249785 10660.846399608718 14504.342707782595 18284.123183181455 25309.710895828994 27284.981724847734 84945.58647146318 454367.1092462253 158194.86372295898 32337.846968541788 19381.6392353599 20197.78152978056 14220.033783160066 9324.785845969209 6382.292425020764 8128.957173253173 10950.50131613745 9664.160760520594 9629.280110102221 10672.716656272529 9669.556718122363 7837.29931569029 9685.991208523134 7979.747768773149 7820.634449646146 7090.981273504177 6205.741014086606 2397.379961430731 2087.736766328168 1883.9764363628249 2136.588595629463 1971.6229035432486 3772.6946398407495 4592.113403732762 2620.9086564202726 1630.2403311941248 5997.463840614554 3400.7546989637863 3303.347475583564 2473.959937857279 2642.741297800521 1716.2529587376707 1960.6472662048554 2467.47820405128 798.5514640464528 1408.5531827829827 2016.7049693217382 2176.917688688039 1534.4248541602462 1614.271301279881 2411.5223620244055 1818.9953305287606 2172.042132034983 1525.0235928810641 1628.492724553436 1910.146540748869 1586.9657184535 1733.4081276174954 1668.272011422943 1771.735794570087 1102.7463151123984 1093.5662286029842 902.4065121165567 1214.93823703237 1033.293183215901 1185.1927442179042 606.9522651438283 772.4905073053819 724.1539207439754 545.7801156427587 707.7568054752802 568.4203107157999 523.6872589988534 667.0680745148387 565.769314785238 663.8641145602915 677.653382775359 1578.457898464596 1586.8226217880674 1689.0586407996288 1377.7946287466384 1131.9781199451068 907.5988753413536 1043.823179358478 1054.4134323803448 1000.1668619505965 805.2937247382349 736.0549283921031 535.1923518477047 678.424235778363 745.5526070054501 694.3034006816442 1214.965752313997 1081.654210130451 1253.178619279626 1353.2026788456385 1209.284104099696 569.0540529498097 557.8382484049532 600.9791262795245 427.3587822129968 372.21165028080566 310.1941265133573 295.4660001201208 193.59042899956214 153.0324464658007 197.92405239146197 236.85636725527226 211.00133415446572 210.83869592495813 162.40580278822995 216.32595771942684 226.86292341398783 153.20243813078858 203.98411001125407 
6776.763609981836 6177.93167521169 7376.5719946102145 7624.367836986574 5872.619931920234 4521.8884962615 6045.5788761897165 11182.79844535721 11358.951692420374 14016.810805558212 17036.613905439106 17187.92570306261 37492.31709131152 158194.86372295898 452050.0500481966 79015.18333928307 25038.72394089155 20751.300517774383 16542.0718484588 12736.040251850944 8801.83763791912 10581.279457597517 10608.72355456222 8399.618496122903 7781.36912534449 8353.011434014747 9457.731319367153 9455.658268670591 7873.022632041902 6818.061581842494 6468.165651542957 6697.572176918318 7395.924782611557 3821.445696692679 2847.316586122803 2643.5596204646818 2993.347773564222 3148.86425381543 4808.716780113238 4506.873110660758 2279.956400314305 1299.9831676877652 5003.685820684856 2501.6943074913297 4612.911836181379 1883.1086245771874 3076.173547453083 1650.1432587869779 2016.3226242312992 3289.5844601419217 595.4300893666154 1911.8573570186043 2304.9319452166524 2242.3198665946766 1939.4633962874775 1895.2279915059744 1969.4754664167363 1903.8718050198734 2059.064440126908 1943.7997683313868 1913.412740694672 1635.644692279449 1565.2281412863667 1129.6099385134617 1282.3375644795967 1509.1647375347172 1500.0146149854816 1325.7004281257873 1285.6832293165835 1366.3983530871963 1278.337013740728 1328.976862449804 863.0494254581687 995.6468317276702 897.5460349284612 724.4487092268807 887.5461909120719 775.2761216949289 785.0064727163902 846.9936673929909 855.738590474736 931.6739154226328 983.0619771928777 1664.4151234956917 1554.008286716688 1187.1503383544075 1201.149723274987 1267.012491612186 1130.948298173077 1087.2619749023424 1155.342743132405 1091.8515496363689 1053.0797966450652 939.0462229736313 717.1404437164315 839.8551448938339 957.6217387368991 946.55050042816 1125.8186621255684 1206.4016169794888 1073.6064779280207 1091.1153406859748 1090.3075738962978 879.7701659233669 779.5618799737398 747.3678067094548 707.8261689767172 568.0127210458871 465.3030600973481 411.08679554318684 249.89333721455395 202.97386273435077 247.3517880848614 263.8807594684512 312.3609512556281 246.48423871952087 219.95461380497687 289.7860880607723 270.0113348135131 178.33577674261954 302.4889983170187 
7070.86944947391 6183.016581350529 7660.615554728807 7133.4162265593795 6263.471538659271 5657.188549451878 7615.746411896495 10231.839914995555 8836.337325631814 11210.135785801001 13226.02067702277 12594.402100934127 20644.686486124854 32337.846968541788 79015.18333928307 480404.6103522501 88737.82285528559 42669.82230570062 23599.148101164854 19247.60602278237 12626.558150149925 13077.419172937767 11292.035085849082 9043.719028622263 7917.308958824156 8502.440912577207 10298.935679617032 9677.459965591119 7427.018221740781 6567.785273594108 6283.495076338379 6657.039510455159 8051.078925459133 5470.851031063929 3549.4118440876373 3336.901959639614 4021.0356119598455 4441.278157152879 5115.566486957612 3820.7207757108913 2422.936716454789 1453.2741607753258 4189.596952079304 2136.3591062836176 5114.5863675327655 2370.8116113078668 3739.2035637886215 3220.9472180747434 2823.392971945194 3631.3385700131535 1576.276812986249 2325.847955520621 2309.4184448205874 2155.158903249238 2090.7504958547206 1949.1792956426004 1730.4741649717903 2004.5958189018427 1871.4801793136069 2126.388259149832 1979.1731687214292 1538.5939486018362 1555.8385765918251 1092.513815916612 1232.8382875785792 1471.9969493630347 2005.6609158436513 1575.6413067436638 1658.2670777788667 1366.6443941365721 1450.637033319129 1477.170883608462 1116.853355668804 1124.159486888704 1086.9977915972543 1092.1860329697365 1085.2330053900987 1050.2509903952607 1004.0134007746726 1035.5775189659962 1339.7914983765384 1136.595447870113 1329.0037616366226 1651.0672795590024 1478.9673808097343 1051.5125914703806 1184.4139878049043 1268.3886128699726 1304.4108995416336 1140.4183195008234 1162.3384171852272 1144.3325814745783 1195.1645207823756 1199.212621940974 1112.387096643934 1184.5095376377117 1096.781049082207 1130.716318463594 1049.8489108842316 1203.3485671077976 1026.375431024916 940.592245132149 1077.0554228251187 1198.1031806550332 892.704413876761 939.8489577588512 913.8461092351041 804.8949779350068 662.9434633802125 505.51731431077053 420.7031261309497 327.577471762216 415.8326699782987 331.53483130821013 419.91757854488577 356.34280097755914 336.3664841368756 321.4054993846006 322.6590706589969 310.48017749149204 491.8191679367512 
5492.086964400334 5706.0791874585775 5987.795580452568 5818.389699907784 4799.026604633058 4353.9099016469545 5554.679739902836 8161.743984501952 8162.082381307471 8629.197880108844 11094.755096463248 11781.774326568444 14944.820918189007 19381.6392353599 25038.72394089155 88737.82285528559 503672.21674861654 106579.82653600634 30447.339232885763 19175.86013239191 12312.74805739074 12202.724664427862 12494.041755354732 11924.15198343702 11073.851220444614 9994.371054141602 9963.718369333592 8305.622957640224 7157.741253179837 6557.70820304569 6103.718492508674 5612.996832322657 6350.223045410836 3671.5611558711494 2714.2554624586232 2594.9287085172928 2912.697853110954 3312.6253374376197 4448.133636499327 4032.4863032503063 2385.9316454892733 1836.5508306425336 4597.694727765657 4992.854628840434 4273.370370110387 2077.6153704931717 3313.3354622507036 3256.334392214076 2822.544944124352 3804.0162378739506 1121.5915737953774 1930.441313521274 2093.7287912294387 1889.0678975715136 1711.8919989520602 1698.2310616820273 1772.3435144024816 1786.7450583180826 2104.6833424178662 1851.1901668301841 2003.1412365241767 1944.2497850255509 1936.7516060735043 2058.0439350450106 2215.2868903610574 2205.105445476196 1647.9420540782417 1531.4844624254786 1345.2456912338146 1650.4460639742733 1717.6783550749976 1549.6921673012396 1015.8390756372124 1002.7086991744331 941.1932153104204 763.2618078552628 948.8826277789959 786.2799909934452 921.959307146208 1006.7252079736954 947.2681521637952 1010.6262351439613 1023.3414311684512 1535.4356839543746 1592.021505443185 1496.6131313025473 1360.7120902570898 1118.6210479447047 1269.6342363758697 1301.339984989897 1346.314755785564 1168.680399463165 1067.6793388327967 1213.2839336538098 858.5149436880349 1008.0771017878533 1048.8941087457522 1037.747390737607 1347.606341651548 1252.4794961697526 1157.8356733188718 1250.2517429488294 1211.8332858278202 892.6352678506564 731.2685447505245 778.346276761483 683.4666883113445 549.8129568992896 506.66159099585286 413.4880401000767 287.98441922672123 260.82368660652213 306.8122097932171 270.6611724013801 308.59819759462897 265.75753466962385 242.21848124018973 298.72536597540454 301.6182953508268 246.52566859659265 389.6728648075008 
